57	5	26
44	5	25
46	5	26
56	6	25
56	5	27
60	6	24
59	5	26
42	5	25
58	5	29
40	5	25
55	6	26
58	6	24
43	5	27
61	6	24
59	5	29
45	5	28
43	5	29
47	6	25
60	6	28
39	5	27
61	6	28
61	7	26
57	8	22
56	7	25
41	6	28
60	6	30
41	5	29
46	7	23
54	7	27
56	6	28
62	8	23
56	5	30
42	6	25
54	7	26
46	5	31
59	8	22
45	5	30
63	6	28
44	5	32
57	8	24
43	5	33
42	5	31
45	7	24
38	6	26
46	5	33
58	6	29
59	7	25
45	7	26
47	7	26
61	9	21
43	8	23
65	8	23
57	8	26
55	8	24
44	6	28
45	5	34
61	8	24
44	5	34
41	5	33
47	8	24
60	6	31
57	6	31
44	9	22
64	8	27
59	8	26
59	7	31
54	7	29
40	8	22
39	7	25
41	7	26
40	6	31
65	9	25
39	7	28
44	8	24
61	7	30
37	7	28
48	6	34
59	9	24
63	9	25
62	8	27
47	8	25
43	7	30
47	5	35
63	9	22
57	8	25
53	8	27
41	8	24
38	8	25
54	7	31
65	8	27
40	6	32
61	9	23
57	6	33
40	7	28
64	10	22
55	8	27
43	6	34
47	7	32
56	10	22
66	10	22
46	9	22
65	8	29
38	9	23
66	9	26
64	9	24
58	10	21
44	6	32
54	9	24
37	7	30
43	8	27
42	9	26
61	7	32
62	8	29
44	9	26
38	9	21
45	5	37
44	8	28
56	8	30
43	7	29
40	6	34
47	9	23
37	8	27
37	8	26
45	7	32
55	7	33
65	11	21
58	8	30
63	9	27
43	10	23
58	7	32
60	10	25
48	6	35
63	8	31
66	10	24
60	11	20
39	7	30
38	7	31
45	9	25
60	8	31
44	7	34
58	10	26
40	10	21
56	9	26
37	7	32
53	8	31
39	6	34
43	6	36
43	7	32
43	9	25
54	9	28
47	8	30
49	8	31
45	9	27
63	11	20
36	8	31
44	8	31
49	8	30
56	8	32
63	8	32
41	7	32
41	9	25
48	8	33
36	10	22
60	11	23
46	7	37
39	10	23
43	8	33
58	8	34
48	9	27
42	7	35
54	8	33
41	7	36
58	9	28
37	10	25
45	11	22
56	9	28
44	9	29
48	7	36
37	9	29
66	9	30
59	8	34
34	10	23
43	9	30
44	10	23
55	11	24
61	8	32
58	11	23
56	8	35
54	10	25
38	10	27
48	10	25
62	11	23
57	11	24
36	8	30
66	10	27
39	8	33
58	9	30
63	9	31
46	8	34
62	12	21
42	7	37
53	9	30
63	11	24
66	12	23
37	8	34
47	8	35
42	10	26
41	8	35
59	9	32
66	11	26
42	10	25
39	10	25
50	9	33
54	8	34
43	11	23
63	10	29
59	10	27
38	11	21
55	8	35
43	7	37
40	7	37
62	11	25
65	10	29
65	12	22
44	10	27
46	11	23
64	9	34
37	10	26
46	11	25
34	9	30
36	8	33
43	10	30
41	11	23
40	9	32
37	9	32
57	11	27
45	10	30
36	10	28
46	9	32
38	9	31
49	8	35
49	11	26
45	11	26
55	10	29
44	8	37
63	13	22
47	9	33
42	9	32
34	10	29
36	12	20
33	10	26
56	9	34
39	8	36
69	12	24
60	12	25
40	12	21
48	10	30
46	8	37
48	11	28
39	12	22
35	11	24
67	13	22
40	11	26
64	10	31
67	12	26
60	10	34
42	9	34
46	10	28
34	9	32
49	10	32
59	12	24
56	12	23
39	10	31
59	9	35
57	11	29
47	10	31
53	10	29
53	10	33
33	12	23
44	10	32
49	9	36
38	12	24
55	12	27
69	12	26
38	10	30
35	12	22
56	11	30
45	10	33
35	13	20
64	12	25
62	10	32
60	11	31
36	10	31
43	8	37
63	12	26
56	9	37
61	13	25
36	11	26
40	9	35
67	11	32
61	13	23
68	11	30
70	12	27
57	10	35
45	12	24
65	13	24
42	11	28
64	10	34
60	10	35
67	12	29
33	10	31
53	12	28
64	11	33
36	12	25
66	12	28
44	11	29
48	9	37
41	12	25
43	12	24
66	11	31
68	14	23
53	10	34
47	13	24
50	11	30
32	11	26
48	10	34
41	10	31
63	13	24
57	13	26
54	11	31
44	9	35
34	10	30
68	12	28
65	12	30
39	9	36
38	12	26
60	11	33
34	12	25
48	12	26
43	13	22
48	10	36
44	9	41
39	13	21
44	12	28
42	13	24
61	13	26
38	9	38
39	11	30
59	14	23
44	11	31
50	12	28
68	14	25
54	13	26
37	11	29
66	14	23
49	11	33
57	12	31
57	10	36
39	10	35
58	12	29
57	10	37
59	13	26
40	9	38
46	10	36
55	11	35
38	10	33
54	13	28
46	13	28
37	14	21
54	13	24
43	12	30
56	11	33
33	12	27
56	14	24
42	9	40
69	13	31
64	12	31
61	12	32
40	14	22
50	11	34
61	10	38
71	14	27
45	13	26
57	13	28
38	10	35
41	14	21
41	11	33
42	10	36
35	12	29
60	10	39
38	10	37
34	14	21
35	14	21
48	12	31
58	11	35
53	12	32
64	11	36
38	13	24
44	13	26
44	10	38
46	12	31
49	11	36
34	12	29
64	15	24
61	15	22
32	13	25
61	11	37
59	11	36
50	13	27
68	14	26
39	9	40
40	13	27
43	12	29
48	13	28
42	10	38
31	12	27
64	12	34
46	13	26
67	14	26
56	13	28
34	14	24
62	12	34
44	14	24
68	13	31
50	13	31
45	15	22
46	10	41
44	11	36
66	15	24
64	13	32
49	14	25
53	11	36
56	11	38
41	14	26
43	14	23
60	12	35
65	13	30
39	12	33
62	15	24
48	12	35
46	12	34
70	15	23
55	12	34
44	10	41
55	11	36
59	15	25
54	13	30
40	13	30
68	16	23
57	12	32
52	14	27
30	13	27
35	12	33
42	14	25
52	12	33
71	14	30
45	13	30
63	16	22
41	12	32
48	15	24
52	14	28
34	15	23
59	11	40
64	12	37
44	12	35
52	14	30
39	15	22
46	15	23
39	11	36
35	13	28
50	12	34
67	14	31
48	15	25
33	14	27
41	10	39
43	10	40
60	14	27
49	14	29
63	15	25
69	15	27
68	13	35
56	13	34
39	11	38
39	15	23
46	15	25
60	13	34
57	15	26
58	13	31
54	12	38
58	12	36
35	15	22
38	15	25
54	15	24
50	12	36
37	12	34
32	15	22
48	10	41
32	14	25
48	11	40
59	16	23
37	13	32
72	15	27
52	12	35
57	12	38
55	14	29
61	13	33
71	16	25
65	15	26
67	13	36
49	13	32
59	11	42
56	11	40
58	15	27
50	15	27
46	11	40
38	14	30
55	11	39
61	12	40
67	17	23
32	12	33
44	16	23
66	12	37
53	13	34
49	12	38
68	16	26
47	12	37
57	15	29
56	16	24
64	13	34
69	15	30
63	16	24
59	12	38
67	16	24
46	14	32
45	11	39
46	10	43
43	12	36
33	12	34
67	15	27
63	13	36
41	12	38
53	16	25
45	16	23
61	17	22
35	13	34
50	15	26
30	14	28
65	14	30
69	17	23
64	16	26
46	12	39
45	13	36
39	12	37
65	17	22
59	12	39
48	16	25
65	13	36
36	14	29
70	14	35
32	14	28
67	14	34
47	13	34
36	17	22
63	15	31
46	15	28
50	14	33
39	14	31
56	13	38
53	16	27
40	15	26
50	14	30
59	12	41
47	15	29
34	15	25
65	17	24
34	13	33
45	12	38
52	15	30
53	13	37
63	13	40
47	16	25
58	11	43
56	14	31
40	17	22
67	17	26
70	17	26
33	16	22
31	15	27
32	16	23
54	13	39
46	16	26
72	17	25
70	17	23
48	17	24
45	15	31
69	16	27
59	17	24
49	12	41
56	14	35
38	14	32
60	16	27
31	16	22
42	16	25
58	12	41
44	12	42
58	14	34
63	17	22
62	14	34
43	12	40
48	16	27
61	14	35
52	14	35
48	12	43
44	15	29
49	13	36
50	14	34
61	13	38
73	17	27
73	16	29
52	16	28
45	14	32
51	15	31
70	16	29
40	12	42
35	15	29
57	17	26
39	14	35
58	15	32
55	13	41
45	11	44
71	15	34
68	15	35
43	12	43
37	14	35
59	17	23
67	16	30
53	15	32
31	14	34
55	15	34
53	16	30
34	15	28
56	12	43
30	15	30
65	14	37
49	13	39
32	14	32
39	16	25
47	14	35
65	15	34
67	18	24
55	17	24
34	17	23
46	12	44
67	16	34
56	12	44
69	19	22
42	11	44
65	16	30
42	13	39
70	14	37
29	14	34
60	13	41
50	16	28
34	15	32
54	14	37
44	17	25
35	17	21
33	13	38
39	16	26
56	14	38
69	16	34
31	13	37
62	14	39
49	17	26
45	14	34
39	12	41
66	18	23
34	15	34
53	14	35
69	18	24
72	16	33
64	16	32
42	12	42
38	18	22
33	16	26
63	18	25
71	18	25
74	18	26
49	15	33
44	15	31
69	17	30
54	16	31
60	13	43
55	13	43
46	18	23
66	15	37
32	15	30
53	13	40
49	13	43
48	16	31
36	15	31
38	15	31
74	17	28
62	14	41
31	16	28
60	19	23
63	19	23
50	14	38
47	14	40
62	13	44
32	18	23
63	15	35
59	18	25
36	15	34
32	14	34
42	14	40
56	14	41
31	17	24
38	17	24
37	13	42
40	13	41
71	17	28
54	17	29
37	13	40
72	18	25
55	14	39
33	18	23
46	13	43
40	15	35
48	13	44
65	15	36
71	16	35
37	19	21
48	16	34
64	19	24
61	13	43
29	16	31
53	18	27
66	14	41
48	17	28
56	17	31
63	13	44
66	16	33
33	14	36
53	15	38
47	17	26
31	16	31
41	17	27
56	18	25
51	17	31
62	15	38
40	14	37
61	18	25
38	12	44
43	17	26
36	16	30
31	15	35
29	18	24
56	17	33
45	13	42
61	15	36
52	17	29
40	14	40
69	16	36
39	13	43
39	18	25
27	16	31
70	15	39
30	17	26
57	13	46
33	14	40
55	16	34
45	18	27
52	15	37
55	13	46
38	15	35
71	17	33
67	16	36
45	13	45
38	14	38
58	16	33
67	18	30
44	16	33
50	15	36
47	18	25
63	15	39
45	15	36
49	14	39
52	16	33
31	15	34
56	15	39
53	19	25
30	19	23
60	13	46
33	16	32
55	19	25
63	14	42
69	18	29
45	17	31
47	14	42
64	19	26
56	16	36
63	14	41
45	13	44
69	17	34
57	14	44
46	13	45
35	19	21
36	18	25
66	19	25
37	18	23
71	16	38
55	14	45
30	15	34
41	13	44
68	19	25
58	16	35
59	14	42
56	18	28
50	18	30
65	20	23
33	17	30
59	14	44
44	16	35
44	19	23
65	15	42
28	18	25
44	14	40
67	15	40
46	14	41
58	19	24
33	18	26
45	19	24
62	19	27
52	16	36
65	18	31
55	14	42
53	15	41
55	16	37
49	14	41
31	18	26
72	20	23
74	19	28
71	19	26
42	19	24
68	20	23
57	18	30
47	16	35
72	19	29
50	17	32
73	17	34
34	19	23
44	13	45
54	16	36
50	17	34
29	15	35
39	16	36
40	18	27
29	18	27
47	16	36
26	17	32
58	18	28
49	18	28
33	14	41
48	18	29
75	19	26
50	16	38
29	17	30
37	18	26
32	18	28
46	18	29
37	14	42
72	17	36
54	19	27
46	17	32
30	17	30
53	17	34
55	17	32
64	14	44
55	17	33
59	15	40
36	14	43
57	15	42
33	19	24
35	16	34
32	15	39
67	15	43
33	20	22
70	17	38
45	19	25
66	15	44
32	19	24
29	16	36
49	14	43
48	17	33
59	18	30
40	14	45
65	16	40
36	17	34
44	18	27
44	14	44
42	17	34
73	20	26
53	17	32
68	18	33
42	17	32
37	16	37
62	15	44
34	17	31
60	15	42
27	19	25
71	16	40
71	19	29
48	16	37
63	17	37
46	18	30
43	14	42
37	15	39
41	19	24
39	19	27
28	17	32
48	18	31
31	15	38
29	20	23
42	20	23
41	19	26
33	16	36
65	17	36
61	15	45
27	17	31
33	15	39
42	15	41
36	14	45
52	18	30
60	19	27
31	18	31
39	15	42
33	18	30
67	18	35
59	20	26
35	20	22
57	18	34
52	16	40
56	19	29
32	15	42
71	19	32
73	20	27
52	18	32
66	19	31
63	17	39
42	15	44
29	18	31
45	16	40
38	14	44
56	17	38
52	17	38
52	17	35
70	18	36
31	15	41
38	17	35
36	20	25
65	20	25
55	16	41
28	18	28
47	19	28
43	18	31
63	20	25
57	20	27
60	15	44
57	20	26
69	21	22
55	20	26
36	19	27
43	16	39
32	17	34
63	20	27
30	19	28
44	18	33
47	16	43
55	15	44
41	15	42
67	19	32
26	17	33
59	17	40
42	16	39
48	20	26
67	21	26
70	21	25
66	17	40
58	20	28
65	15	45
41	18	31
40	16	40
30	17	34
44	17	37
74	21	26
61	17	39
67	16	44
58	21	25
33	18	32
73	21	23
69	18	35
46	20	27
37	16	41
55	19	32
47	19	29
47	17	39
65	18	38
61	16	42
59	20	29
72	19	36
58	16	42
32	21	22
27	20	24
46	20	25
31	16	40
48	18	36
73	18	38
33	15	41
68	20	30
38	20	26
30	18	30
67	17	41
49	17	40
51	18	34
57	18	36
31	20	25
69	19	32
64	18	36
52	16	42
49	19	30
49	19	32
30	20	27
67	17	43
54	19	34
36	17	36
50	18	36
57	20	30
62	16	44
71	19	34
73	20	32
35	18	35
56	18	35
68	22	25
71	22	23
55	16	42
53	19	32
59	20	31
71	17	41
44	21	25
36	21	24
69	21	29
42	20	26
53	20	30
42	18	35
39	21	25
40	17	39
75	20	32
38	16	43
48	20	28
55	20	29
45	21	26
37	15	45
26	19	31
29	20	26
45	18	37
40	21	23
67	16	46
47	19	32
49	17	42
64	16	44
28	19	30
72	22	26
71	18	39
32	19	32
36	16	43
41	21	24
29	21	24
31	17	37
42	17	38
32	15	44
41	19	34
53	21	29
53	19	35
31	16	43
54	18	39
36	17	38
37	15	47
33	18	38
59	21	26
64	22	26
67	20	32
73	22	26
62	21	28
48	17	42
48	16	44
48	17	40
38	16	42
47	21	26
60	21	28
28	19	32
30	16	41
44	21	27
62	18	39
71	21	29
39	17	41
40	19	32
66	19	35
61	21	29
33	21	25
66	19	38
27	19	31
65	19	36
63	17	43
31	19	31
43	20	30
34	22	22
51	20	33
36	21	25
57	17	43
33	17	40
28	21	25
37	17	40
58	19	35
45	17	42
60	18	38
59	18	39
36	16	45
71	20	33
74	19	39
35	21	26
46	19	33
54	20	31
45	20	32
65	22	25
31	18	35
66	18	42
76	21	31
40	20	31
45	15	48
29	19	32
46	20	32
49	20	29
52	20	32
75	22	26
73	19	40
62	18	41
67	23	24
53	17	43
63	22	25
37	21	26
52	18	40
65	17	46
70	20	37
58	18	41
66	18	40
26	20	29
30	19	33
28	20	28
73	22	27
37	17	41
28	17	40
46	17	43
25	19	33
43	16	48
35	18	36
48	22	27
52	19	35
52	19	38
38	16	46
40	21	26
53	21	27
56	20	34
25	19	34
50	21	31
44	18	40
45	22	27
39	18	38
71	23	24
71	19	38
43	18	39
46	21	30
55	22	28
58	20	33
64	18	42
74	21	33
59	21	30
65	17	45
65	17	47
67	23	26
26	19	33
54	16	48
69	23	23
58	17	47
68	21	31
47	18	41
44	19	36
60	17	48
33	18	37
42	22	27
47	19	37
68	17	46
49	19	38
57	21	30
52	21	30
56	19	40
49	20	32
32	17	44
68	20	35
58	19	37
54	17	47
73	22	30
57	18	42
56	19	38
72	20	38
32	18	42
62	20	38
73	24	23
30	22	25
36	23	22
55	18	41
30	18	38
54	20	35
71	19	41
41	16	48
72	19	42
55	18	43
71	24	23
58	17	46
61	19	38
54	21	32
41	19	37
56	16	50
74	22	31
59	21	33
43	17	47
32	23	22
26	22	24
36	17	44
32	16	45
43	20	35
71	21	35
57	17	46
48	20	36
48	21	30
32	23	23
30	20	33
71	19	43
47	16	49
32	19	36
30	22	27
39	17	44
37	19	38
70	22	31
44	21	29
44	17	47
31	23	22
72	22	31
39	23	24
76	22	30
39	21	31
48	22	28
61	17	48
67	20	37
63	23	27
71	21	36
43	22	26
42	19	38
32	22	26
28	22	26
30	21	28
75	22	33
66	20	39
36	18	43
53	20	38
46	20	36
50	20	36
24	20	32
71	23	28
53	19	42
59	21	35
62	22	30
65	19	43
61	22	30
28	22	25
70	24	26
39	19	40
47	17	48
25	21	30
39	21	33
64	23	28
67	21	36
52	19	42
56	23	28
58	20	39
62	19	40
39	18	42
67	18	47
26	19	39
46	23	26
40	17	46
49	19	40
66	19	42
65	24	26
36	19	40
36	20	37
72	22	34
57	21	32
28	19	38
54	19	41
62	17	50
46	19	42
61	24	25
34	19	39
56	18	46
59	20	39
42	22	29
62	18	48
45	17	48
54	21	34
74	21	38
70	21	37
63	24	25
28	20	34
52	20	38
60	18	46
44	21	32
55	17	49
56	22	33
51	21	33
41	17	47
41	18	45
42	21	34
47	23	28
43	18	45
73	24	27
46	21	35
25	20	34
67	25	23
48	21	35
47	19	40
66	18	48
47	22	29
54	23	29
42	17	46
74	21	36
52	21	36
64	20	41
40	22	30
32	19	40
49	22	30
29	20	35
40	19	41
37	18	45
66	19	46
38	17	48
45	20	39
67	19	44
42	22	32
29	21	29
44	21	34
31	18	46
56	18	47
44	18	46
56	23	26
36	19	41
58	23	29
55	23	27
70	20	42
43	22	30
46	18	47
71	20	42
46	22	32
74	23	30
60	22	33
42	23	25
58	19	45
43	23	29
63	18	48
73	22	33
39	20	38
46	19	41
60	23	29
58	21	36
52	20	40
45	19	41
45	17	50
37	18	43
35	23	24
54	18	48
40	19	43
27	22	30
37	23	26
31	20	36
30	18	43
61	21	36
74	21	41
35	23	26
72	25	23
34	24	23
70	21	39
64	18	50
66	25	24
41	23	27
41	19	43
55	17	52
41	17	49
27	23	25
39	17	49
76	22	36
66	20	40
77	23	31
40	20	37
46	21	38
44	20	40
65	19	47
29	19	41
58	24	27
31	23	26
26	23	25
31	24	24
24	22	27
32	23	25
72	21	37
56	21	37
34	20	38
45	23	31
45	23	29
60	19	44
43	18	48
47	17	49
32	19	43
61	25	24
45	24	27
63	19	46
44	24	25
53	23	32
75	23	32
27	21	35
49	21	38
68	22	36
38	23	27
62	23	29
59	19	47
57	18	50
29	20	39
61	19	46
40	22	33
54	21	37
26	21	35
30	20	39
63	22	37
49	22	34
27	23	27
72	24	31
76	22	38
29	19	43
57	19	47
39	18	46
30	23	29
40	20	40
74	26	23
63	21	39
59	24	28
25	21	34
64	25	27
32	18	47
36	20	39
75	24	31
54	21	39
57	19	46
42	21	38
44	23	30
29	23	27
63	25	25
31	21	37
71	25	28
25	22	31
52	23	31
57	18	51
71	26	24
60	21	37
77	23	35
67	19	47
57	23	32
71	24	30
44	18	50
66	22	38
47	22	32
30	25	22
72	23	34
53	22	34
32	25	22
27	22	32
69	22	40
25	20	39
57	21	38
27	19	43
55	21	39
71	23	36
54	19	47
64	26	23
54	23	33
63	24	30
65	19	49
44	21	37
49	22	35
64	20	44
43	23	32
59	23	35
48	24	28
48	24	30
29	19	44
46	18	51
41	23	31
27	20	41
59	23	32
41	21	37
70	26	23
47	22	35
61	23	33
67	22	37
68	26	23
39	19	45
41	25	25
38	23	31
29	24	26
38	20	43
46	22	36
29	22	32
59	18	51
41	24	29
77	23	37
46	19	48
27	22	33
43	23	30
43	18	52
69	22	37
27	21	39
63	19	48
44	22	36
44	21	39
45	20	46
69	26	26
54	24	32
36	21	41
72	22	40
40	20	41
32	20	42
60	20	44
27	24	26
75	22	39
62	20	45
40	19	48
54	24	30
42	19	47
70	21	41
74	23	37
30	21	36
46	22	35
47	24	30
57	19	49
36	25	23
56	25	27
38	23	32
60	25	27
52	22	38
45	24	29
29	23	34
28	19	45
61	20	48
64	26	25
42	23	33
33	25	23
66	20	48
62	26	24
66	21	42
71	27	23
23	24	28
30	19	46
27	23	31
45	18	51
25	25	24
54	19	51
43	20	45
61	24	31
77	26	26
67	21	44
46	25	28
28	22	35
57	23	35
58	19	50
62	24	32
46	23	33
35	21	39
30	23	33
62	25	28
68	23	37
33	19	46
55	23	36
57	20	45
24	24	26
64	25	28
65	26	27
29	24	31
67	21	46
34	25	25
72	24	33
69	23	39
53	22	38
42	20	44
40	25	26
56	21	42
63	22	41
39	22	38
55	24	31
41	24	32
39	24	30
54	23	36
70	25	29
44	24	34
73	21	46
45	19	50
46	20	47
31	25	25
71	26	27
33	20	45
25	21	41
56	19	52
60	23	36
37	25	28
29	20	44
75	28	22
78	26	28
52	24	34
72	23	38
24	25	24
53	19	50
40	20	47
32	21	41
55	20	46
74	25	32
52	24	32
58	24	33
55	22	38
39	22	37
57	26	27
72	27	24
33	21	40
63	23	37
65	21	47
69	28	22
61	21	44
59	21	45
39	21	44
25	25	28
77	24	35
63	23	39
36	25	26
42	25	28
31	23	35
41	21	43
57	23	37
55	19	53
59	26	27
53	22	41
64	27	23
46	19	52
75	24	37
58	24	36
57	20	48
72	28	23
43	19	50
55	20	50
53	25	30
31	19	48
71	24	34
29	25	26
74	22	44
28	21	42
30	26	23
71	21	47
61	24	35
34	19	48
57	25	30
28	27	22
31	22	38
56	24	33
52	23	37
42	26	26
26	21	42
43	23	38
31	25	30
78	28	25
43	24	34
43	23	36
66	23	39
74	23	40
53	25	32
29	20	46
60	24	33
58	20	51
32	23	36
66	23	40
66	27	24
35	20	46
70	25	31
31	27	22
76	26	28
44	26	27
40	23	37
70	23	41
30	26	24
26	22	38
59	26	30
71	23	42
66	22	45
35	21	44
61	21	47
29	22	39
32	24	33
33	21	43
55	24	34
34	27	23
77	24	38
77	26	29
76	24	39
73	23	42
70	28	24
39	25	32
40	25	28
42	25	31
38	22	41
40	20	46
65	27	26
36	20	47
54	25	30
58	20	49
47	19	51
39	26	25
70	27	28
56	26	28
41	24	34
54	26	29
70	27	25
45	21	46
60	21	47
68	28	23
69	27	27
32	20	49
72	26	31
55	24	37
63	27	25
39	22	40
42	21	47
66	27	27
27	26	25
63	21	47
64	26	28
60	26	30
45	20	48
48	22	43
69	28	23
74	28	23
29	25	28
25	26	25
29	27	21
62	23	43
60	20	52
64	22	45
37	22	40
60	23	43
43	20	52
38	25	32
56	22	42
70	26	29
62	27	28
32	24	35
60	21	50
62	26	30
43	20	48
63	25	35
75	23	43
65	28	24
54	23	41
78	25	35
31	24	33
56	22	45
42	20	51
38	25	30
78	25	36
58	23	41
32	21	46
53	24	37
57	25	32
43	22	43
74	22	45
29	22	42
70	26	33
42	24	36
47	22	42
59	26	32
73	24	38
38	26	26
70	29	21
75	29	21
42	23	38
34	21	47
74	29	22
74	23	41
71	29	21
68	24	38
48	24	37
77	28	24
41	22	42
74	25	36
57	27	27
67	23	42
26	26	28
32	28	22
56	21	49
45	21	50
30	26	26
27	28	22
37	26	28
35	23	40
33	21	47
54	25	35
57	22	45
69	24	40
74	26	33
23	26	27
74	27	29
73	27	29
71	22	46
27	21	46
28	26	25
58	25	34
75	28	26
30	21	46
29	21	45
64	22	44
71	25	36
27	22	40
53	21	50
36	28	24
73	23	46
76	24	41
56	21	52
55	26	29
79	29	23
60	24	40
53	26	31
72	23	45
55	23	42
34	23	41
63	24	40
45	20	51
39	26	29
48	25	35
24	26	28
41	25	33
41	27	26
23	24	36
66	23	43
41	21	50
72	29	24
33	22	46
35	28	23
72	27	30
59	27	30
78	28	28
35	22	42
79	28	29
47	21	50
60	28	27
78	28	26
30	26	31
25	27	26
72	26	33
32	22	44
28	28	23
46	24	37
40	22	45
31	23	39
56	25	35
48	26	33
56	22	46
59	23	45
80	28	30
31	28	25
22	24	34
78	29	24
59	22	48
52	23	42
61	26	32
76	25	39
38	24	38
57	25	36
56	27	31
71	23	48
31	28	22
30	26	29
53	21	53
62	21	52
74	27	31
60	26	34
59	26	33
23	24	37
35	22	45
27	24	39
70	26	35
59	21	52
36	23	44
77	29	26
39	23	43
29	21	48
63	24	42
64	29	25
58	27	32
48	24	39
28	21	47
79	26	36
63	29	23
71	28	29
54	22	49
57	24	41
37	22	45
58	27	29
21	26	28
61	23	46
63	28	28
35	27	26
56	27	29
43	27	28
73	27	31
75	24	45
63	27	31
55	27	31
42	26	32
72	24	42
45	24	41
65	28	28
77	28	29
73	26	36
63	25	38
66	28	26
70	29	26
40	25	37
34	29	22
26	27	26
66	25	40
61	22	50
44	21	51
46	24	40
55	24	41
26	28	22
58	29	26
67	29	23
33	25	34
61	26	35
71	30	22
71	25	41
33	29	21
78	26	37
22	25	35
40	28	25
41	27	28
34	23	44
73	28	30
68	30	22
70	29	27
39	27	29
72	29	25
54	24	43
77	26	37
58	22	50
60	25	38
36	27	28
61	28	30
55	22	51
56	28	28
30	22	45
30	28	24
55	21	54
47	24	41
56	23	45
42	24	42
77	30	24
55	28	28
60	21	52
42	21	51
60	24	43
75	27	33
36	22	47
60	23	49
72	23	46
44	22	47
38	27	31
70	24	44
31	25	38
42	27	29
60	26	36
32	26	33
29	25	38
65	30	23
72	25	44
73	29	28
73	30	23
79	28	31
62	22	51
70	30	24
38	28	27
33	23	43
36	29	23
47	27	32
53	23	46
40	27	32
52	25	40
33	25	37
44	23	45
59	28	29
48	23	45
65	24	43
71	27	33
48	25	38
28	23	45
36	24	42
66	25	42
29	29	22
31	23	44
47	22	51
71	29	26
53	23	48
58	25	41
58	24	45
55	23	48
41	22	49
55	23	46
45	25	40
63	26	37
52	24	44
63	24	46
40	22	50
47	23	44
70	26	40
41	24	41
29	24	40
74	24	46
37	27	31
57	24	43
65	22	51
39	25	39
44	27	32
75	29	30
68	26	39
34	28	26
41	22	52
23	26	35
45	23	49
61	26	38
27	28	27
75	26	37
29	26	33
52	23	49
56	28	30
29	23	44
45	24	43
45	22	50
31	29	22
63	25	39
48	26	35
27	29	23
41	27	34
64	22	52
60	26	41
74	30	27
75	31	22
21	29	24
62	23	50
77	29	28
75	26	39
41	29	25
59	28	32
46	26	36
77	28	33
72	24	45
74	30	24
22	25	39
32	30	21
70	24	47
75	26	42
28	28	29
66	30	25
34	29	24
24	25	36
46	27	35
58	29	28
60	23	51
21	26	34
47	23	49
56	22	51
34	24	43
43	24	44
25	27	29
63	30	24
54	24	45
46	26	38
77	29	31
59	25	43
75	31	23
52	27	35
77	27	38
30	24	42
62	28	32
76	30	25
57	28	31
30	27	30
62	29	27
37	24	44
21	28	26
38	24	43
37	22	52
55	25	43
38	22	50
56	25	41
60	29	27
25	27	32
80	31	24
64	23	50
22	28	27
52	26	37
53	27	33
30	27	32
66	23	50
61	25	42
41	23	46
41	23	47
69	25	43
71	30	27
29	28	27
28	30	22
77	30	26
78	31	24
64	29	27
40	25	41
71	30	24
56	24	44
62	26	41
66	30	23
70	25	42
78	31	22
72	27	36
70	28	35
61	23	48
25	27	31
26	30	21
29	29	23
25	28	27
74	26	40
22	26	36
46	28	31
27	27	31
71	24	48
72	32	20
53	23	50
29	23	47
40	27	35
70	24	46
37	23	46
59	26	40
30	29	25
63	25	44
45	28	32
79	27	36
67	24	50
54	26	40
39	29	28
22	28	28
61	23	52
40	29	27
61	28	33
54	27	38
55	23	49
31	24	43
53	26	38
58	24	50
52	24	48
36	30	23
56	22	53
45	26	39
33	30	22
40	23	49
60	29	28
20	28	28
65	24	48
35	29	28
47	25	44
39	26	37
35	24	46
69	32	21
40	28	32
67	24	48
67	24	52
23	25	41
75	26	44
63	24	49
66	30	27
30	26	38
27	27	33
59	24	50
66	26	41
53	27	36
72	29	32
40	24	44
72	31	26
62	28	35
70	32	23
60	27	39
27	24	46
53	22	53
80	30	30
44	26	41
38	29	27
42	29	27
78	30	29
72	26	44
66	25	47
44	23	50
79	29	32
44	27	37
41	23	50
46	25	42
42	28	32
61	30	29
52	25	42
43	28	33
56	27	39
33	25	42
21	27	33
62	25	47
78	32	21
55	23	52
47	24	47
77	27	40
37	28	30
48	27	38
58	31	26
44	27	35
23	29	25
39	28	31
73	28	37
68	26	45
54	25	46
63	28	37
46	24	48
43	26	40
66	31	26
42	25	43
33	27	35
39	30	26
30	27	34
77	27	42
65	32	22
63	29	31
47	28	33
55	27	38
55	28	34
76	27	41
78	32	23
45	23	53
28	26	39
46	25	45
78	27	41
24	25	41
35	23	50
42	22	56
61	29	31
54	25	44
75	27	40
37	23	50
26	28	32
68	27	41
23	26	38
45	23	52
64	25	46
29	30	23
45	28	34
75	30	33
71	25	47
75	28	38
54	23	55
47	28	36
75	32	26
37	29	31
24	26	38
60	24	50
65	32	24
62	24	52
68	27	43
37	25	44
65	26	44
24	29	30
47	27	40
74	26	46
77	29	36
30	24	44
36	30	27
76	26	43
47	23	52
64	24	51
59	31	26
57	27	40
77	30	30
52	24	50
61	31	27
22	30	26
22	27	34
76	32	23
41	28	34
75	27	42
44	24	48
28	29	27
67	26	45
53	25	47
32	31	23
79	31	27
33	30	26
35	23	52
48	25	47
25	27	36
54	28	35
32	27	37
70	29	33
73	27	43
73	32	23
56	30	28
43	25	46
44	26	43
40	30	25
48	25	48
28	25	45
67	32	22
65	30	27
57	29	34
39	24	50
43	28	36
24	26	42
24	25	44
66	26	44
62	31	27
65	27	42
52	28	37
68	26	46
31	28	34
34	24	50
21	27	35
29	25	46
28	25	43
61	28	38
26	25	43
42	24	50
67	26	43
41	25	47
26	29	31
22	26	39
56	25	48
53	29	35
70	26	47
40	24	48
70	32	24
53	29	33
77	27	44
22	30	25
34	25	45
77	30	32
58	28	36
75	33	22
44	27	38
48	26	45
57	24	53
55	27	42
39	24	49
58	31	27
34	31	24
26	25	47
80	32	26
38	30	28
27	31	23
29	30	26
56	28	38
32	26	42
25	30	26
28	32	21
79	29	38
80	33	24
52	27	41
46	24	51
58	24	51
48	27	39
27	25	46
78	31	28
71	26	45
43	23	54
75	31	31
40	27	40
76	30	31
43	29	34
60	29	35
63	32	23
23	31	24
35	31	22
55	28	37
29	27	40
27	30	27
76	27	45
27	28	32
40	28	36
22	27	37
40	25	45
46	28	35
44	24	52
57	27	40
68	26	48
47	25	50
61	29	36
45	26	46
28	24	48
59	31	27
46	29	31
24	27	39
37	24	51
21	30	27
23	28	36
77	29	39
55	26	45
39	27	38
68	25	51
40	30	31
72	32	24
27	29	34
55	25	48
43	26	44
59	28	39
23	29	29
28	26	42
54	29	33
42	23	54
26	32	22
29	32	22
53	28	39
37	24	49
26	27	41
66	25	50
43	23	56
57	29	33
39	23	55
74	27	45
63	25	50
22	28	33
47	28	38
21	28	34
31	31	23
25	27	38
69	25	49
56	29	35
41	27	41
37	31	27
45	27	41
41	29	35
42	27	42
61	32	28
69	33	22
26	26	44
71	33	21
36	32	22
78	30	36
42	31	26
36	24	52
56	24	55
27	27	37
72	34	22
41	28	39
60	30	34
78	32	30
41	28	37
36	26	46
71	29	36
40	31	27
53	25	49
25	30	29
47	26	48
54	24	55
72	28	42
59	25	50
67	32	25
28	29	31
66	32	27
38	30	31
73	28	43
34	31	27
65	33	22
45	25	49
60	32	25
30	28	38
74	30	37
65	26	49
35	32	24
56	26	47
57	26	49
42	30	31
80	32	29
43	30	32
46	27	43
71	28	43
62	32	26
61	25	51
54	25	53
30	33	20
39	26	45
75	30	37
56	28	42
60	29	38
64	32	27
53	28	41
70	26	49
23	29	34
35	26	47
78	29	41
36	25	48
63	31	30
57	29	38
75	31	33
74	31	31
54	27	46
26	25	48
60	31	31
23	28	37
75	32	30
45	25	53
32	29	37
66	27	47
77	28	43
64	26	48
48	27	44
34	26	46
25	32	25
76	33	24
76	29	40
26	30	30
77	30	38
71	27	47
22	32	24
23	27	41
72	27	48
46	26	46
59	30	34
54	31	32
22	33	20
57	32	27
33	26	48
34	27	42
75	28	44
60	31	32
79	33	26
57	30	37
78	34	25
68	27	49
26	31	26
72	31	33
39	26	47
72	30	38
29	29	37
43	25	51
23	28	39
28	31	27
54	29	38
65	34	23
44	24	56
28	30	30
41	26	49
53	25	54
26	26	45
59	25	55
41	31	30
61	32	27
40	24	56
80	34	23
75	33	24
23	26	44
77	31	37
76	33	28
59	33	25
29	30	33
70	28	45
82	33	26
26	27	40
72	34	21
33	32	25
29	28	39
31	33	22
57	25	54
38	32	27
28	33	22
41	25	54
22	31	28
70	31	35
35	25	50
26	28	38
54	25	54
79	35	21
31	27	43
20	29	37
45	24	57
53	30	36
55	29	40
42	25	53
59	25	52
20	31	28
22	33	22
38	31	30
56	28	44
38	32	26
43	31	31
38	26	50
32	30	35
29	32	25
56	26	51
32	33	23
80	34	25
28	33	23
45	26	48
46	30	37
24	26	46
60	25	56
38	26	47
28	28	41
54	27	45
66	34	24
79	33	28
24	27	43
70	27	51
37	25	55
58	27	47
46	31	33
33	27	46
44	29	41
27	26	48
46	30	35
64	27	47
68	34	23
34	27	44
70	34	24
80	34	26
24	32	24
34	33	23
44	26	50
71	29	41
68	28	46
36	32	27
56	31	32
24	30	35
25	29	36
25	31	29
71	34	25
26	27	43
62	27	48
20	30	32
29	26	48
34	26	48
73	34	25
59	33	26
28	29	38
52	27	48
57	28	46
39	24	56
30	27	46
66	28	46
71	27	50
36	33	23
39	25	54
30	26	47
80	35	21
63	33	28
64	34	23
45	31	32
61	26	54
31	34	20
64	28	46
31	30	34
40	32	30
45	29	39
20	32	26
68	28	48
74	33	29
78	33	27
53	31	34
21	30	35
44	25	54
67	34	27
29	31	31
35	26	51
27	29	40
61	27	50
47	28	46
26	27	47
69	35	22
44	27	49
24	28	41
35	27	46
70	27	49
74	30	41
75	31	39
78	30	41
41	25	56
54	32	31
79	34	26
65	34	23
70	35	20
35	28	44
53	28	45
59	27	51
40	27	49
58	32	32
30	34	21
74	31	37
43	32	30
76	34	27
61	32	30
56	29	42
32	28	42
53	30	37
63	33	26
69	29	43
48	29	44
58	26	53
27	28	44
72	33	31
54	27	51
29	33	26
25	28	42
39	33	26
65	34	27
65	29	45
45	25	56
78	35	24
21	32	25
39	33	25
53	26	53
29	33	23
46	27	47
59	33	30
56	26	53
41	26	53
33	33	26
45	29	43
36	27	48
35	33	24
54	28	47
73	36	20
73	31	38
43	25	55
79	35	22
30	30	37
22	29	37
22	31	33
60	27	53
76	30	42
27	27	46
52	28	45
24	32	28
42	26	51
41	33	29
67	29	45
21	34	22
61	34	25
27	30	37
71	35	23
36	27	49
69	30	42
52	31	35
72	35	26
35	33	27
28	33	26
80	36	23
32	34	22
24	34	20
71	30	40
41	34	26
58	29	46
31	28	45
29	35	20
69	36	21
23	34	23
37	26	54
78	30	43
24	30	38
64	30	44
47	31	36
26	32	29
56	30	41
81	33	35
27	29	42
52	31	36
62	33	29
35	29	42
27	32	30
26	33	26
36	28	45
59	27	54
20	30	38
58	34	26
62	34	28
47	29	45
81	33	33
76	35	25
67	30	43
29	34	24
76	32	37
75	31	40
67	35	25
40	25	57
54	31	39
22	35	19
46	29	45
57	28	49
29	27	49
30	27	48
30	31	34
44	27	52
45	28	48
81	35	26
37	28	47
79	33	34
55	33	30
22	30	36
31	27	47
65	35	24
38	27	50
77	31	41
39	33	28
60	34	26
78	35	26
44	33	29
70	32	37
46	31	39
38	34	26
29	28	47
79	37	21
25	29	40
62	27	54
36	29	43
54	30	43
28	28	48
63	35	23
45	27	51
19	31	32
46	32	35
23	33	27
64	27	54
57	33	30
75	35	26
25	34	25
80	33	33
59	35	25
54	32	35
24	32	32
54	28	51
28	29	45
25	31	34
23	35	21
30	35	23
67	36	21
62	28	53
26	31	35
29	32	33
70	33	35
55	31	40
71	35	25
45	32	33
36	27	51
44	31	40
33	34	25
46	27	52
52	31	38
29	31	36
40	28	50
45	26	55
27	28	47
60	28	51
31	36	20
33	35	21
20	33	27
71	33	33
66	30	42
34	27	51
74	34	28
46	28	50
41	27	54
22	34	24
42	34	28
39	27	52
28	29	43
35	35	22
31	29	44
45	33	31
53	29	45
68	31	42
21	30	37
62	29	46
65	36	22
43	30	42
61	28	52
47	31	38
44	30	44
56	30	46
71	37	21
72	35	30
37	27	54
35	28	50
26	32	33
56	31	42
44	27	54
38	27	53
70	37	20
35	26	55
80	36	26
72	33	37
31	35	22
66	36	22
60	34	29
51	31	39
40	34	26
79	31	42
32	28	47
35	35	24
62	30	45
37	36	22
65	28	53
67	35	27
71	37	20
39	26	56
54	33	33
78	36	23
61	29	50
22	35	23
47	29	48
47	29	47
66	28	54
56	29	50
63	31	43
81	34	32
74	33	37
28	32	32
48	31	40
75	31	42
63	28	52
20	34	25
76	35	27
25	33	28
61	28	54
47	27	53
58	35	29
78	37	21
73	36	26
21	35	21
55	28	53
28	32	34
58	29	47
38	29	47
21	32	32
29	29	46
41	35	25
58	30	45
53	28	53
76	33	38
34	34	27
73	32	41
37	28	49
80	36	25
58	28	53
37	34	27
33	30	42
61	30	48
80	37	23
53	34	32
55	31	43
40	34	28
31	29	46
30	36	20
36	27	53
53	30	47
35	31	42
21	32	34
46	31	41
33	30	44
71	32	41
25	31	39
78	34	34
70	37	23
63	35	27
39	35	25
45	28	53
29	36	19
44	30	46
55	35	29
73	31	46
22	32	35
77	34	35
52	33	34
53	33	36
24	35	23
53	32	40
45	28	51
59	30	46
45	28	54
65	36	27
66	32	42
72	31	45
77	37	22
47	33	33
71	31	47
76	32	39
32	28	52
65	37	23
78	35	32
23	31	39
28	35	26
20	36	22
46	32	37
41	27	56
64	31	43
74	32	42
55	29	52
60	29	53
41	27	58
30	35	25
80	34	37
80	34	35
39	28	52
75	34	36
75	35	33
68	38	20
54	35	30
25	33	31
45	32	41
19	35	26
52	34	33
44	28	52
79	33	39
37	29	51
63	29	50
71	35	32
23	32	37
54	28	55
33	36	24
77	37	24
20	31	39
77	35	33
76	31	46
65	29	51
25	36	21
36	36	21
27	31	41
80	35	34
37	31	43
71	34	34
55	31	44
22	36	19
67	36	25
63	29	53
36	35	27
58	36	25
22	33	32
59	36	28
71	34	36
35	36	21
75	32	45
73	32	44
43	29	51
56	28	54
26	34	29
72	32	42
22	35	26
75	36	28
76	34	37
61	36	27
78	34	37
45	34	30
77	32	43
44	35	29
69	32	41
64	37	23
77	37	26
77	33	38
71	32	44
47	29	51
45	30	47
42	29	48
67	38	21
37	31	45
71	38	21
45	30	49
21	31	40
43	35	28
22	32	38
41	28	54
49	34	33
72	37	26
33	30	46
63	30	49
26	36	22
47	33	36
33	37	20
57	30	49
79	32	44
28	31	42
34	37	22
35	29	50
36	29	52
47	33	39
34	28	54
57	28	57
53	29	54
37	28	52
79	38	22
75	38	24
26	35	26
42	29	53
57	29	54
24	34	31
73	34	36
67	37	23
39	28	54
65	30	49
61	37	25
43	31	44
40	28	56
73	35	33
63	31	47
51	33	36
61	29	53
50	34	34
19	33	34
56	32	42
34	28	53
57	29	51
46	35	32
54	31	46
65	38	22
79	35	33
29	31	44
33	36	26
79	33	42
42	27	58
76	39	21
31	37	21
23	33	35
25	36	25
65	29	53
31	38	19
25	35	27
76	35	34
21	37	21
22	36	25
56	28	56
23	37	21
41	37	25
27	37	22
76	32	46
71	38	25
58	29	55
35	28	55
70	33	42
77	37	28
78	34	40
47	30	49
70	38	22
37	29	54
74	35	35
59	28	58
27	34	30
63	32	45
69	32	47
72	32	46
70	39	20
73	36	30
49	34	35
60	37	26
59	32	46
34	29	51
78	39	20
81	38	26
73	38	25
31	37	24
19	34	32
56	32	45
72	35	35
75	38	22
52	33	40
32	29	53
55	29	55
64	37	27
43	32	42
79	37	29
31	31	46
53	32	43
20	36	26
33	38	20
59	31	47
78	37	27
48	35	32
52	35	31
24	32	41
54	32	44
50	35	32
36	30	48
72	36	32
25	31	45
77	38	23
55	36	29
55	33	41
27	37	24
80	38	27
57	36	28
29	36	25
22	32	41
52	32	44
26	32	41
22	31	45
58	32	44
46	33	40
46	33	38
25	30	49
54	36	31
70	32	44
74	32	46
53	34	38
41	30	49
58	31	50
22	37	23
58	29	57
33	38	21
49	35	32
42	37	26
80	37	29
33	32	44
24	38	20
25	31	43
22	33	39
37	37	25
35	36	26
25	35	30
79	38	25
67	33	41
77	36	33
45	28	58
41	31	47
34	38	20
39	37	25
34	32	43
21	34	35
60	29	57
53	33	41
32	29	54
64	32	48
64	33	42
78	36	36
30	38	21
67	39	20
40	28	58
42	36	29
80	35	39
75	37	30
37	32	43
23	33	38
81	36	32
43	33	41
75	36	33
58	32	48
59	38	25
61	29	58
65	39	21
75	33	44
78	33	44
52	34	37
77	37	30
67	39	22
48	34	37
20	32	40
72	39	20
69	32	48
63	38	26
64	31	52
44	31	48
40	36	29
45	36	31
58	30	54
80	34	43
50	34	36
22	38	20
41	30	51
24	34	36
46	31	49
23	32	43
24	30	48
26	30	50
69	33	43
32	31	46
62	31	52
63	33	43
73	39	24
29	39	20
22	34	34
77	33	44
44	37	28
32	38	22
75	34	42
21	35	32
19	34	35
44	33	44
40	36	28
57	33	43
20	37	22
82	38	28
66	38	26
42	32	46
34	29	54
37	32	45
36	31	47
43	37	27
39	36	28
73	34	42
45	29	58
49	35	35
26	36	29
32	38	23
59	30	55
73	34	44
24	34	34
40	31	48
26	38	22
42	29	56
56	30	54
30	31	47
68	33	45
49	36	34
64	31	50
44	29	59
28	32	44
67	38	25
76	35	39
35	31	50
44	32	46
47	34	40
47	37	31
47	33	44
36	30	53
53	33	45
38	30	53
57	30	55
79	37	33
50	36	34
41	29	55
77	34	42
24	31	46
72	39	24
69	39	23
41	38	25
37	37	27
70	40	21
72	32	51
67	34	43
78	40	21
39	30	55
56	37	30
80	37	34
80	36	37
78	36	39
59	31	53
74	35	41
80	35	40
23	38	22
70	33	46
26	31	49
75	35	41
72	34	45
78	38	28
72	34	44
72	31	52
21	37	27
29	32	45
61	37	30
61	39	25
39	38	24
31	32	45
25	32	46
52	37	31
29	38	24
74	37	34
64	33	46
77	36	38
24	36	31
27	30	51
77	40	23
77	41	20
68	41	19
73	33	49
34	38	25
70	32	52
52	34	40
73	37	31
40	30	56
40	30	54
78	35	43
79	39	26
75	40	22
44	33	42
25	39	22
21	33	42
29	31	49
45	34	43
40	31	52
61	30	56
23	39	21
70	33	48
42	38	28
54	33	44
59	33	45
81	39	27
59	30	57
68	33	47
33	30	53
70	40	20
62	38	28
76	38	30
33	40	19
23	37	27
35	34	42
57	32	53
75	36	38
25	37	28
59	37	31
80	39	28
28	39	20
70	32	53
49	37	31
21	32	44
45	34	41
67	40	23
20	38	26
36	38	26
59	31	55
78	35	41
58	29	59
44	37	30
24	39	20
31	32	46
65	39	25
72	35	42
27	34	38
73	32	51
63	38	30
78	36	37
63	33	49
69	33	50
59	33	47
46	35	39
64	38	29
82	37	33
78	41	20
57	38	28
30	39	23
36	38	25
59	30	58
35	32	49
60	38	28
80	37	33
77	40	24
27	35	36
76	39	28
64	35	43
44	30	57
21	38	25
33	34	42
51	31	52
80	35	42
34	40	19
36	37	29
28	32	48
79	37	35
71	33	49
38	38	26
29	31	51
32	39	21
73	36	40
81	36	39
52	36	38
20	35	35
26	32	48
53	35	42
46	34	41
29	35	38
55	38	31
77	42	19
22	36	34
31	33	43
76	41	21
79	36	40
58	32	50
64	39	27
53	32	50
40	38	27
39	39	23
42	33	45
40	33	46
36	33	47
53	31	57
27	33	46
55	33	50
19	34	40
49	36	36
23	34	40
64	32	52
47	34	44
19	36	34
46	37	30
59	34	44
28	32	46
24	33	44
67	41	21
24	32	50
37	39	24
52	34	43
77	37	37
53	38	31
74	39	29
77	37	34
25	36	35
61	38	31
21	39	24
66	41	20
50	37	32
31	40	19
58	31	56
30	39	22
63	31	56
50	37	33
75	38	31
22	33	44
21	35	39
22	40	18
61	32	53
24	35	36
38	31	55
40	33	49
37	39	25
25	33	47
54	30	58
27	35	40
63	34	45
63	40	24
69	41	22
24	32	48
62	40	25
43	30	58
42	31	56
63	34	47
50	36	37
60	31	55
63	40	26
30	36	37
57	34	46
66	40	26
35	39	24
23	37	31
23	36	34
36	31	56
43	39	27
25	35	39
25	34	41
36	34	44
46	34	44
40	32	51
21	41	17
66	39	28
64	40	24
19	38	28
64	33	50
41	39	27
26	32	50
73	38	34
72	40	23
33	39	24
52	31	56
67	42	19
51	32	54
30	35	39
33	32	51
80	38	35
56	33	51
22	38	29
56	35	43
23	34	42
74	34	50
54	32	52
61	38	32
35	32	52
73	41	23
50	37	34
71	42	20
66	40	24
60	40	24
36	34	45
62	32	54
22	39	23
28	36	36
53	32	53
31	36	37
82	38	35
57	34	48
78	41	22
57	38	31
46	32	54
21	35	41
72	42	21
35	39	25
27	40	23
35	32	54
21	38	28
23	35	38
78	40	27
30	33	47
31	37	35
42	31	58
34	32	54
69	34	48
25	38	30
34	33	50
39	38	30
26	34	42
74	40	27
53	31	56
37	40	23
39	31	55
49	37	38
53	31	59
22	38	27
41	40	24
27	32	52
58	35	43
58	35	46
71	33	52
38	38	30
78	41	26
74	39	30
36	40	23
44	35	44
20	40	23
75	41	22
71	36	45
79	39	34
25	37	33
30	37	35
44	32	54
58	40	26
31	34	45
57	31	58
69	33	53
29	40	24
65	35	44
56	31	58
22	40	20
18	36	35
61	40	26
29	35	40
63	41	23
29	41	20
41	32	54
73	40	28
73	42	19
34	39	28
81	40	29
70	42	22
36	33	51
53	36	39
57	33	52
75	38	34
73	36	41
57	32	55
19	36	36
77	42	24
55	31	60
72	36	43
23	38	29
38	41	22
67	36	45
24	34	43
57	31	60
59	39	32
67	41	23
35	35	43
52	33	51
59	32	58
52	31	58
74	37	39
44	32	56
47	32	56
73	35	49
46	35	42
22	37	32
21	34	43
51	35	43
20	36	36
50	38	34
41	33	50
73	39	32
37	40	24
81	39	34
40	33	53
41	39	30
20	40	25
54	35	43
45	39	30
43	32	55
43	39	30
64	41	25
35	33	48
65	40	29
47	36	40
40	32	56
23	40	22
78	43	20
29	33	49
42	32	54
20	39	27
42	33	51
27	37	34
22	35	41
75	35	49
32	41	20
61	41	24
24	41	19
42	40	26
69	42	20
63	41	25
52	39	31
28	35	41
50	39	32
47	31	57
23	42	18
63	35	46
26	35	43
75	41	27
24	39	27
68	35	47
36	32	53
55	34	48
52	36	40
34	40	23
78	41	25
47	35	44
53	33	55
40	40	25
20	38	33
45	32	55
73	34	52
52	36	42
41	41	23
47	33	53
57	32	57
71	41	24
32	41	23
39	40	25
64	40	29
37	40	29
74	37	41
35	34	47
71	36	47
52	32	57
21	41	19
25	34	46
66	41	25
71	34	51
56	39	31
47	35	45
37	32	57
23	40	26
44	33	52
80	41	28
35	32	56
65	42	23
56	35	47
60	39	32
30	34	47
52	33	53
27	33	51
62	40	30
31	42	19
55	33	57
57	36	42
32	37	36
43	35	45
45	33	52
54	34	51
32	35	45
74	39	34
49	38	36
79	42	24
57	40	29
64	35	50
41	32	57
32	37	38
35	40	24
64	34	54
59	40	30
67	43	21
76	35	49
27	33	50
36	41	22
74	37	42
31	41	22
35	35	45
58	32	59
32	42	19
40	40	29
74	36	49
53	37	39
30	38	33
75	38	38
65	43	19
73	37	44
25	42	21
25	33	49
33	35	44
36	34	49
72	36	48
24	41	21
77	40	34
54	32	60
64	33	57
51	33	55
42	35	47
55	36	43
41	34	49
43	32	58
22	38	34
21	40	25
45	32	57
71	43	19
55	33	54
31	37	39
31	38	33
55	40	29
24	34	47
28	34	48
60	40	30
49	38	36
27	41	22
62	40	29
66	41	28
46	37	39
69	38	38
77	42	27
69	34	52
61	41	26
68	35	51
80	42	26
56	34	53
32	38	34
79	42	27
81	39	36
43	40	28
55	34	50
48	39	32
76	36	47
54	40	30
78	43	23
23	38	33
19	41	23
73	42	23
29	41	23
75	36	48
45	40	29
63	33	58
64	43	23
64	42	24
76	39	37
60	33	56
75	37	44
28	38	35
72	36	46
23	34	48
23	34	49
39	42	22
38	33	55
20	41	22
68	36	49
62	43	22
82	40	34
59	42	24
59	41	26
64	33	56
64	35	49
74	35	50
37	42	21
70	35	51
69	34	54
50	40	33
66	37	45
36	33	55
70	43	22
31	35	46
65	36	45
74	36	46
67	43	23
71	43	21
75	43	22
67	44	18
57	37	44
33	41	26
41	41	25
57	36	47
44	36	45
60	43	23
65	34	54
26	35	45
67	39	37
50	38	38
72	44	20
28	36	43
77	40	36
78	37	47
81	43	24
60	41	28
38	40	27
70	39	37
52	37	44
37	34	52
18	38	34
73	41	30
76	38	41
37	41	27
70	39	38
20	43	18
65	35	52
25	39	33
22	41	23
69	39	36
74	44	19
79	41	32
77	41	32
23	39	32
46	32	59
19	38	36
58	33	57
53	33	58
24	39	30
76	38	43
26	34	49
47	34	52
57	36	48
72	42	29
63	41	28
50	40	33
71	38	39
76	37	45
42	35	50
22	43	17
44	36	46
44	33	59
46	39	33
76	40	33
26	38	35
80	43	23
29	42	21
77	43	22
48	38	39
30	39	32
55	33	59
26	34	51
62	42	25
63	35	54
43	36	48
46	41	30
49	39	35
74	42	26
62	34	56
65	43	22
34	42	23
28	35	46
24	41	24
80	41	34
57	42	27
68	38	40
37	42	23
61	34	54
63	35	52
32	42	23
73	41	32
63	35	53
76	44	21
65	43	24
29	37	41
35	41	28
76	43	26
51	38	39
32	38	37
81	43	27
64	37	46
45	40	33
42	33	58
55	42	28
23	41	25
64	41	29
37	33	56
77	45	19
73	45	18
52	33	58
69	44	20
28	39	34
72	36	50
45	36	48
54	37	44
78	43	26
78	41	34
76	40	39
34	42	23
18	39	32
20	39	33
53	38	40
19	41	25
60	42	26
72	42	27
37	34	54
71	44	19
52	35	53
30	38	39
31	42	21
67	37	47
40	34	55
48	34	57
56	33	60
43	35	51
73	39	39
46	40	33
79	38	46
72	40	37
24	43	21
71	40	35
35	36	45
44	42	27
46	34	54
30	37	40
52	38	43
39	43	24
63	36	51
52	37	46
28	40	32
71	39	42
41	41	27
29	43	20
56	36	50
75	37	49
23	35	47
51	34	56
55	34	57
47	38	42
52	41	33
34	39	36
25	41	26
22	35	48
46	35	52
61	34	58
49	39	37
20	42	25
46	38	40
36	35	50
71	37	49
47	34	56
82	41	33
26	36	48
74	44	22
79	44	22
38	42	26
43	34	55
25	36	46
66	45	19
38	33	58
53	41	30
67	43	25
31	44	19
78	38	45
74	37	51
65	37	46
74	42	32
32	36	45
33	39	35
38	44	20
76	42	32
73	39	41
42	37	46
62	43	27
81	40	36
69	39	41
41	34	57
27	37	43
66	40	37
29	40	31
76	40	37
78	39	43
47	34	58
54	36	51
38	42	24
62	34	58
41	36	48
68	40	36
54	34	56
74	38	45
23	43	19
53	41	32
25	43	22
44	34	57
49	39	38
24	41	28
61	44	21
46	37	46
20	39	35
71	45	20
36	44	21
77	38	47
67	45	18
76	42	30
64	44	23
48	41	33
31	40	33
31	39	38
21	44	17
28	43	22
35	37	46
81	44	25
36	42	26
45	34	57
79	41	36
53	37	47
59	43	27
24	35	50
67	40	39
74	42	30
67	45	21
21	43	19
69	41	35
78	43	30
64	44	22
41	36	47
40	43	22
75	44	25
22	40	32
80	44	25
39	34	56
45	42	29
56	35	56
69	36	53
24	41	30
52	39	41
70	36	51
21	36	47
35	36	48
29	37	45
72	39	43
65	43	28
78	39	41
52	35	55
33	42	27
74	39	43
80	42	33
55	38	44
77	37	49
61	35	55
64	37	48
78	44	24
33	39	38
72	41	35
76	38	45
44	35	55
56	35	54
42	34	59
73	44	26
72	44	23
47	38	44
23	36	49
21	40	35
74	40	41
64	43	26
33	35	52
59	35	54
53	42	29
26	37	44
27	39	39
67	44	23
32	43	25
80	45	22
45	37	47
76	44	24
25	44	20
42	34	56
52	36	52
34	36	51
81	45	23
60	44	24
47	36	52
42	35	55
49	41	35
57	37	48
20	40	31
18	40	31
27	41	32
78	45	21
73	41	37
66	45	22
67	40	41
32	44	19
61	36	54
69	37	52
59	34	58
72	43	29
76	46	20
23	36	47
71	42	34
36	35	53
56	43	26
31	35	52
42	43	26
63	45	21
37	35	55
58	36	53
78	38	48
30	35	54
26	40	35
59	44	23
75	39	47
25	36	50
33	36	51
73	46	17
24	40	35
43	37	51
50	41	34
46	41	32
57	38	46
71	46	18
28	41	31
37	44	22
42	36	50
44	34	60
32	44	22
38	34	59
55	43	27
53	39	40
28	38	41
26	42	28
41	35	54
27	38	42
45	34	59
62	44	23
33	35	54
49	40	39
63	38	49
69	46	19
37	44	19
69	39	43
25	43	24
34	44	22
23	41	31
25	37	45
65	45	23
78	41	40
79	40	41
47	39	40
51	35	58
66	41	38
53	35	58
56	35	59
59	36	56
37	43	26
53	35	57
70	45	22
34	44	22
81	42	36
61	35	59
19	40	34
77	39	45
61	45	20
19	40	35
28	45	19
43	35	58
47	36	52
62	37	51
22	45	18
51	38	44
29	39	39
68	37	50
31	41	32
79	45	24
78	46	19
72	46	19
75	41	39
32	39	40
72	39	45
33	37	48
20	37	44
43	43	27
76	40	44
34	37	46
74	41	38
42	38	45
74	39	47
20	37	45
22	37	45
33	44	23
46	38	47
27	44	21
74	42	35
32	37	50
43	36	54
48	35	59
58	35	58
68	38	49
61	36	56
60	37	52
44	38	45
39	45	20
27	37	46
53	38	46
55	38	46
75	43	29
41	34	58
28	44	21
66	44	26
73	38	49
77	42	38
63	44	26
25	44	22
39	43	26
54	37	50
74	46	21
80	42	37
24	44	21
52	35	60
54	36	55
76	40	41
70	46	21
47	35	57
67	45	25
48	35	56
77	44	29
46	35	56
67	47	17
32	35	56
26	39	43
72	43	33
29	42	31
39	36	52
38	45	23
33	38	45
45	37	51
23	45	17
48	40	39
25	39	41
35	35	55
80	46	20
24	38	46
66	42	37
73	44	29
27	39	41
67	46	20
78	44	30
71	47	16
30	37	51
25	41	32
32	41	36
26	40	39
42	38	48
39	45	22
47	36	55
73	46	22
71	39	49
61	45	24
62	37	53
52	43	31
73	45	25
24	45	18
39	35	58
66	39	48
49	41	36
64	46	22
56	38	50
19	42	30
22	42	29
64	46	21
70	38	50
31	37	49
69	42	35
46	37	54
22	42	30
77	39	48
59	38	51
65	38	49
51	36	57
53	37	53
23	37	48
52	42	35
78	40	44
74	42	37
61	37	55
31	40	40
70	40	45
21	38	44
79	43	32
40	36	56
51	40	40
74	38	50
31	46	19
25	40	39
47	40	41
32	37	48
46	43	30
66	39	49
46	39	46
38	36	55
19	42	33
21	39	41
22	45	20
36	45	22
26	37	49
26	43	26
40	44	26
37	36	57
36	46	18
29	36	53
20	42	31
75	46	25
51	40	42
34	41	36
34	41	37
54	44	26
65	42	38
66	41	40
30	38	48
62	46	20
30	38	49
56	37	53
67	46	21
60	38	51
43	37	50
30	42	33
45	43	29
21	39	43
21	45	19
27	43	31
76	43	36
34	36	57
20	39	40
80	44	31
75	43	34
72	45	27
22	38	47
19	39	42
44	36	55
47	40	43
80	47	19
23	39	42
78	43	38
64	38	50
35	44	26
55	45	26
28	40	39
22	40	40
29	38	45
76	45	29
57	39	48
46	42	34
49	41	38
36	37	51
24	39	44
60	45	26
78	48	17
52	37	51
53	44	28
81	46	24
35	46	20
34	40	39
67	42	40
37	37	54
68	43	36
52	44	26
76	47	20
32	38	47
30	39	45
41	36	58
23	39	44
49	42	37
31	45	21
28	46	18
70	44	33
80	47	22
40	37	52
53	40	45
53	41	40
59	36	58
24	43	28
47	43	32
57	45	25
58	45	26
25	46	19
37	45	25
38	45	22
60	36	60
77	48	19
24	37	50
38	37	51
52	37	55
79	46	24
22	41	35
77	46	24
61	46	23
66	46	22
74	44	33
32	45	25
33	37	52
30	46	19
75	43	38
60	46	21
64	38	53
21	38	46
34	37	54
42	36	60
33	44	26
44	40	45
42	37	53
61	37	58
60	38	54
64	38	54
78	41	43
71	48	19
82	45	30
34	45	22
24	43	32
46	38	50
42	45	26
69	48	18
26	46	20
65	45	26
19	43	29
24	42	35
36	37	53
51	40	46
52	45	25
49	42	36
74	47	21
47	45	26
51	45	26
36	36	57
35	38	51
78	45	29
46	40	45
33	37	55
56	40	44
24	45	24
79	44	35
77	39	49
28	46	21
69	41	42
30	42	35
56	39	49
58	38	52
45	45	26
51	46	25
68	39	52
35	42	35
65	39	51
65	42	39
48	39	50
42	40	45
63	47	22
54	37	56
76	42	40
64	37	56
52	36	59
27	47	17
23	47	17
53	39	50
53	37	58
25	46	22
67	46	24
25	44	28
46	45	27
62	48	19
23	46	19
75	44	32
52	43	34
26	39	47
28	47	17
79	49	18
48	41	39
36	38	50
70	39	52
67	48	17
19	41	35
63	46	25
75	41	47
81	45	31
69	43	36
78	43	39
19	43	32
47	38	52
62	38	55
38	37	57
33	42	35
60	37	56
29	41	40
75	40	49
72	47	22
52	45	29
80	44	32
48	43	35
48	37	58
27	44	30
24	45	25
23	43	33
29	38	51
20	40	42
66	44	34
52	39	50
48	46	25
54	46	25
67	48	19
35	37	55
72	45	29
72	45	32
51	40	43
79	43	38
26	41	40
49	42	39
43	39	49
21	44	29
42	40	47
33	43	34
72	49	17
32	38	53
43	38	54
45	40	46
73	41	46
50	43	36
71	39	54
66	38	55
43	46	25
77	44	34
44	45	26
51	45	28
38	36	59
55	41	44
69	42	44
80	43	36
66	43	37
45	46	25
80	46	29
25	44	31
33	43	32
20	45	23
31	37	55
23	46	20
62	46	25
71	40	48
20	40	45
34	47	21
39	47	21
28	43	34
53	47	24
69	43	40
64	43	38
77	44	36
29	43	35
69	38	56
74	46	29
27	40	46
24	41	40
74	46	26
45	37	57
31	41	41
56	38	55
47	44	30
44	37	56
71	44	34
40	36	58
75	48	20
36	47	21
29	44	31
30	39	48
65	39	53
31	47	18
67	47	25
61	38	53
65	43	35
50	46	25
41	46	25
57	40	46
32	37	57
52	47	22
23	46	23
78	49	16
70	38	55
55	47	24
43	46	24
61	39	52
21	45	24
73	47	24
32	46	23
77	48	22
70	40	50
77	45	32
75	48	22
33	47	22
62	48	21
76	43	37
45	46	24
47	45	28
23	45	25
72	47	27
33	39	51
73	40	50
60	40	50
38	48	18
37	37	56
51	38	56
35	42	39
49	46	27
66	45	33
24	46	22
21	41	41
67	45	33
51	43	36
67	38	57
51	44	31
22	43	32
47	41	43
46	43	35
26	39	49
35	39	49
32	43	35
79	42	43
24	39	48
80	49	21
22	46	22
64	48	20
68	39	55
77	46	28
47	38	55
70	42	42
48	47	23
31	44	30
32	41	40
78	43	41
23	43	35
58	39	52
22	45	28
37	37	58
81	47	29
76	48	23
22	41	42
70	48	21
31	47	20
34	37	57
67	44	36
68	45	32
53	39	52
57	47	24
47	44	32
25	47	18
67	48	21
21	47	18
46	42	41
20	41	44
76	47	25
28	41	40
41	37	60
70	43	40
40	39	51
71	43	42
67	40	53
80	48	23
49	46	24
78	49	22
76	41	48
80	49	20
39	46	25
53	41	45
55	38	57
49	43	38
72	48	21
25	45	26
31	44	32
44	47	22
66	48	22
71	50	16
67	44	35
65	38	57
30	39	50
47	42	42
61	49	18
53	38	54
28	38	53
51	42	42
60	47	25
49	43	38
49	46	27
71	42	46
29	40	47
24	48	17
52	43	40
45	39	54
32	45	30
45	40	50
50	47	23
53	42	41
79	47	28
55	40	49
60	48	20
78	46	31
64	41	49
29	48	17
37	40	49
35	46	25
62	40	50
56	41	47
26	47	19
79	46	33
49	44	37
50	48	22
46	41	46
40	46	25
34	48	19
61	39	56
29	38	52
22	40	47
72	45	35
50	46	29
35	48	18
47	40	50
35	43	37
63	39	57
69	42	45
24	39	50
75	49	19
25	45	29
81	46	31
81	47	27
78	48	24
35	44	33
72	48	24
22	48	19
21	42	39
34	42	40
45	39	52
28	48	19
30	45	29
37	48	20
22	43	34
42	39	54
54	38	59
37	49	17
77	49	20
57	39	54
50	43	40
66	41	50
69	43	44
31	44	34
53	48	22
24	48	19
47	44	34
27	47	20
47	38	57
75	42	47
43	38	56
65	43	41
44	38	59
23	42	40
29	42	41
64	45	35
63	44	37
71	50	18
69	46	30
66	43	41
34	46	26
72	43	41
46	48	22
72	47	28
38	40	50
42	41	45
64	40	51
61	39	58
69	50	18
20	43	35
54	48	22
66	47	26
20	45	31
73	49	20
41	47	23
76	50	17
47	40	51
31	39	52
79	44	40
75	49	21
37	47	25
63	50	18
19	46	25
34	48	21
63	40	53
30	39	53
26	42	41
23	45	28
19	44	34
67	49	19
51	39	56
52	38	59
19	46	25
21	47	24
77	45	38
53	41	49
74	46	31
41	39	52
19	45	29
24	49	16
23	48	20
39	49	19
78	49	20
80	46	33
21	46	26
46	38	59
20	47	22
32	48	21
47	42	45
78	45	35
59	48	25
66	46	32
62	39	56
71	45	36
32	47	25
27	45	32
74	42	47
23	41	44
64	42	48
23	46	26
56	48	23
81	47	32
73	46	33
34	43	39
78	51	17
27	45	30
65	39	56
44	42	45
52	41	50
21	41	45
31	49	17
50	46	32
64	40	55
70	50	20
21	48	18
75	41	49
68	44	41
28	44	34
64	44	39
65	49	21
67	47	30
63	48	25
19	47	21
80	47	31
26	45	29
48	48	22
45	39	56
70	41	49
22	45	31
47	44	35
79	45	37
48	46	32
75	47	29
23	45	30
26	41	47
70	51	15
30	43	41
68	41	49
65	41	52
67	41	52
72	44	42
32	43	40
69	46	36
49	48	25
80	49	23
25	49	17
72	43	47
41	39	54
42	38	57
39	40	51
67	48	25
73	49	23
66	40	55
49	47	26
79	45	39
32	50	16
69	47	29
56	39	59
72	48	26
31	49	19
48	43	40
79	47	30
33	45	31
48	46	30
20	44	33
32	46	29
65	46	34
31	43	39
63	49	20
68	49	23
54	42	48
59	41	52
66	41	52
56	42	45
67	51	16
73	47	29
69	47	32
53	41	51
33	43	39
70	41	52
66	40	57
34	49	20
71	40	54
20	43	41
68	46	34
47	43	43
23	42	43
49	45	36
42	48	22
52	43	45
34	49	18
29	40	52
29	50	16
76	43	47
76	47	30
22	48	22
29	46	28
44	49	21
56	40	55
21	45	32
31	48	20
61	42	50
52	40	56
80	48	29
54	43	44
74	50	22
77	51	16
68	40	57
73	44	42
51	45	35
22	48	21
72	42	49
28	41	47
40	40	52
37	49	19
69	40	56
77	48	28
38	41	51
63	42	49
51	39	58
45	39	58
79	51	19
22	42	42
66	50	20
34	41	49
50	47	28
48	45	37
50	46	34
30	45	35
38	50	17
61	51	17
30	50	15
70	44	44
66	42	49
36	42	48
36	50	17
45	40	53
32	48	23
30	46	33
53	39	60
64	46	36
39	49	18
37	41	50
42	39	59
35	45	36
53	40	54
74	47	33
60	50	19
45	42	50
29	41	49
71	50	21
29	50	17
33	49	20
71	51	16
22	49	19
32	41	49
61	50	19
28	46	30
57	49	24
43	42	48
69	51	16
23	42	46
29	44	39
73	51	19
75	51	18
27	40	54
21	43	40
44	40	55
47	49	21
34	51	13
55	43	47
64	50	19
48	45	38
32	42	47
67	50	22
72	45	41
76	50	20
70	52	14
45	43	46
47	44	42
55	40	58
71	45	41
70	47	30
22	47	28
51	44	40
25	45	33
27	49	19
63	51	17
25	49	19
32	41	51
81	49	27
48	48	28
50	49	22
21	47	29
68	48	29
69	52	14
51	44	44
52	44	41
26	46	32
29	46	31
27	43	41
23	43	42
69	42	51
39	40	54
75	43	49
29	44	40
70	44	45
47	43	47
70	47	35
42	40	57
74	42	51
65	45	41
52	39	60
32	51	14
25	42	46
31	40	54
75	48	32
25	47	29
72	52	15
32	40	52
49	49	24
19	47	29
77	43	49
21	48	24
34	46	34
55	50	22
54	41	52
25	48	24
44	39	61
77	43	48
50	49	23
71	47	33
76	43	51
46	44	41
32	49	22
28	50	19
79	49	28
64	46	38
25	50	17
48	47	32
65	47	33
29	40	54
78	49	30
27	41	52
31	45	38
25	44	38
28	44	39
19	46	31
19	46	33
68	41	56
31	41	51
45	39	59
74	48	29
60	42	51
75	51	21
40	49	25
25	49	22
34	42	47
68	42	54
24	48	24
35	45	38
21	50	18
69	45	42
50	47	30
65	50	25
73	47	34
49	49	25
30	42	48
69	49	28
80	49	29
25	44	41
26	47	31
47	44	45
44	44	45
35	50	19
44	40	58
64	51	20
75	52	17
28	41	51
46	41	54
24	42	47
72	50	25
24	49	22
41	41	55
31	50	19
37	41	53
36	49	25
25	48	26
26	45	39
47	46	36
42	40	59
73	51	22
34	45	39
24	50	20
49	45	40
71	42	53
73	49	28
28	47	28
20	49	21
68	44	48
70	52	19
21	47	31
66	48	30
65	47	37
48	45	39
61	50	25
47	42	51
28	46	34
52	42	51
33	51	15
73	44	48
23	47	30
34	49	25
49	49	27
55	40	61
53	43	49
23	50	19
31	51	17
21	43	43
68	45	42
71	42	55
55	40	59
49	48	32
72	45	44
25	51	16
42	44	46
76	52	18
47	42	53
46	50	22
32	48	29
25	43	44
38	49	25
72	53	14
44	41	56
69	44	49
39	51	17
71	50	24
20	48	28
71	49	29
34	50	19
29	48	27
51	42	50
28	47	32
20	50	19
37	42	49
22	49	21
28	42	48
62	53	16
74	45	44
59	50	25
27	46	34
78	52	19
25	47	32
27	51	18
56	44	45
50	47	35
72	44	47
59	42	54
64	44	49
65	51	21
27	43	47
44	43	49
22	48	27
70	48	33
28	45	38
38	51	18
36	42	52
30	51	15
46	41	56
58	42	55
67	53	15
77	50	29
53	50	22
65	47	34
29	42	51
54	42	54
71	44	49
54	44	48
75	46	42
70	43	53
49	49	27
73	45	44
20	44	41
53	40	61
73	44	50
70	52	17
74	48	34
52	41	57
24	44	41
48	47	34
29	51	17
33	51	21
29	45	38
75	49	29
35	41	53
23	45	39
69	53	14
34	52	13
22	44	44
23	49	25
44	51	22
48	50	22
51	45	43
47	41	55
56	41	56
30	42	53
65	47	40
60	52	18
60	42	56
36	41	55
53	42	56
36	52	17
35	51	18
76	49	33
27	43	50
68	53	14
67	52	18
52	43	50
65	44	50
23	46	34
71	44	51
27	50	23
27	41	54
64	52	18
52	41	59
77	49	31
52	51	22
59	42	57
31	49	27
74	47	42
22	45	41
33	47	33
67	50	28
26	49	26
54	45	45
36	51	18
49	47	37
28	48	30
71	54	13
67	51	23
72	52	20
45	44	46
32	51	20
60	43	53
36	41	57
48	48	31
50	49	29
27	42	51
66	44	52
62	44	50
26	51	17
51	44	46
57	51	24
29	43	49
73	53	19
70	49	33
32	44	47
30	43	47
61	43	51
47	44	46
63	51	25
34	47	37
26	52	15
72	49	32
66	47	40
61	42	57
68	50	27
74	49	32
32	45	39
48	48	32
47	42	57
69	42	56
62	52	18
71	49	31
80	51	27
32	53	14
34	41	57
48	47	38
50	47	36
50	50	25
75	44	50
64	52	19
67	53	20
32	51	21
51	46	41
25	46	38
74	51	26
67	47	41
75	53	18
38	42	56
46	41	58
26	42	53
43	44	48
66	45	48
48	46	39
53	43	54
61	43	54
33	50	23
58	42	58
47	46	44
24	49	27
24	48	29
30	42	54
29	49	27
62	42	58
26	49	27
27	52	16
77	47	42
78	50	30
34	47	35
19	48	32
33	53	15
26	51	22
42	41	57
74	45	49
40	42	55
49	48	33
25	48	34
22	49	25
42	51	23
48	49	29
71	47	42
57	42	57
19	48	30
41	50	25
19	49	28
71	51	26
77	46	44
61	53	17
75	53	21
66	50	29
32	49	28
43	41	61
59	41	60
66	49	32
45	43	51
72	46	46
70	51	28
27	46	39
54	41	59
69	44	50
72	52	23
45	41	59
37	50	25
24	51	21
48	51	24
22	49	27
27	52	19
73	53	22
35	44	49
44	45	45
69	47	42
76	51	27
74	44	51
34	52	19
22	47	38
38	53	17
26	52	16
75	54	16
47	48	36
51	46	45
75	50	32
32	44	50
33	44	48
55	45	48
49	49	31
51	44	52
48	47	41
40	52	19
24	48	32
73	46	47
53	41	61
27	53	14
68	45	48
70	43	56
77	50	33
55	52	23
32	53	16
37	41	59
78	47	43
29	45	45
65	48	37
21	52	19
26	44	49
22	49	30
69	48	40
23	52	19
76	53	20
50	48	35
62	44	54
34	42	56
71	45	50
72	55	13
69	55	13
21	50	27
29	53	16
26	48	32
22	45	44
80	51	29
67	54	16
25	52	20
33	49	32
34	44	50
70	54	16
27	50	24
32	49	30
25	45	46
21	46	38
65	49	34
63	44	51
28	45	46
62	52	25
40	53	17
66	50	31
25	49	30
67	53	21
77	53	22
35	41	58
53	43	55
34	52	20
28	43	51
54	45	49
65	52	24
78	47	45
63	43	56
51	42	60
35	51	24
74	48	39
75	54	19
28	43	54
71	52	25
61	42	60
63	54	16
72	44	54
58	52	25
29	54	14
48	49	32
75	48	41
28	42	55
46	52	22
49	51	26
31	53	15
51	52	23
39	42	56
20	45	43
32	43	51
33	47	39
71	55	13
37	53	18
67	55	15
28	45	44
67	52	27
26	43	52
27	49	28
23	46	41
66	53	20
72	51	30
76	52	26
60	52	26
74	54	17
68	46	47
49	51	25
66	44	53
75	47	44
46	47	42
39	51	25
72	48	41
71	53	20
70	54	18
64	43	58
23	48	33
53	43	57
20	52	20
70	46	47
43	45	46
55	46	46
48	48	35
74	47	45
45	44	53
79	52	27
71	48	39
32	48	35
46	45	46
32	52	19
39	42	58
27	52	22
36	44	51
29	47	40
33	49	31
66	49	36
23	45	44
62	42	59
73	52	27
46	44	54
48	49	34
43	42	59
35	43	54
71	48	40
32	45	46
49	48	37
30	54	13
75	46	48
27	53	17
76	48	39
67	55	14
55	43	58
31	46	45
31	45	47
48	50	31
34	42	58
53	45	50
71	55	14
67	46	48
65	46	47
49	51	26
25	45	45
65	48	40
59	54	19
28	51	26
34	54	13
36	44	53
22	52	21
78	48	42
74	48	41
49	47	41
24	44	49
71	50	32
47	43	58
32	52	21
63	54	19
47	43	55
31	47	40
44	52	23
26	46	45
67	48	40
44	45	50
69	45	52
64	44	54
74	46	50
41	43	56
43	45	48
30	46	44
31	51	26
64	46	49
80	51	31
77	49	38
66	53	23
75	55	17
75	51	31
60	43	60
66	47	46
52	46	46
20	49	30
28	44	50
27	54	16
51	47	42
74	47	46
51	47	43
79	51	33
66	45	51
73	51	32
64	54	18
77	49	41
33	52	22
50	51	28
70	52	27
75	52	27
32	50	29
57	43	59
27	46	44
65	54	19
71	45	52
68	49	39
25	47	39
32	55	13
51	45	51
34	45	47
52	44	56
60	54	18
65	44	58
36	54	17
27	45	47
48	51	28
48	44	56
66	52	29
60	44	56
69	49	39
48	48	38
27	44	53
53	53	23
67	56	13
57	53	25
48	49	38
27	50	31
20	48	36
72	52	28
23	44	49
49	51	29
58	43	60
61	55	16
45	42	61
40	54	18
31	44	51
65	53	23
19	47	40
66	45	55
49	52	24
47	42	59
29	45	48
52	43	58
24	48	39
78	49	39
23	50	29
62	55	15
34	54	19
42	43	57
21	48	37
69	46	49
75	50	38
63	53	25
36	43	57
59	44	58
69	55	17
25	49	33
52	42	61
65	49	39
53	44	53
20	47	40
21	50	29
36	52	24
42	52	24
23	48	37
26	51	26
69	47	45
70	45	54
54	43	60
40	43	58
29	55	12
48	50	34
33	46	45
48	48	40
53	45	52
27	48	39
78	53	26
67	47	46
72	55	19
47	47	45
35	52	23
33	45	49
26	53	21
44	46	46
62	44	58
71	53	26
24	50	32
35	43	58
71	45	55
30	56	12
32	54	17
28	47	43
61	45	55
31	49	35
48	50	31
33	54	14
36	54	19
64	55	19
40	52	25
33	45	52
23	54	18
62	55	17
26	52	24
72	46	51
44	42	62
20	47	42
38	52	25
19	48	37
62	44	57
27	44	55
29	52	25
71	47	47
25	51	28
60	55	17
39	54	18
77	48	45
37	43	59
66	55	18
66	55	16
68	47	49
26	45	51
29	55	14
24	53	20
28	53	19
50	49	37
37	44	56
73	46	52
29	48	39
65	46	50
75	54	22
77	52	31
33	48	38
51	45	55
47	53	24
48	51	33
72	54	22
26	53	19
74	55	20
30	48	39
66	51	32
32	45	52
77	53	27
61	53	25
27	52	23
66	51	36
25	47	44
79	52	30
33	52	27
22	46	45
79	53	28
34	53	21
55	47	47
64	47	47
67	53	27
47	48	44
36	44	56
65	55	20
68	57	13
26	44	54
71	57	14
26	49	37
79	50	40
69	57	14
26	46	47
32	45	50
25	47	46
46	44	58
29	55	16
23	50	33
60	46	53
49	50	35
34	44	55
37	55	17
76	51	37
25	51	31
42	46	48
51	53	24
75	56	16
33	43	58
49	52	27
51	47	46
73	47	50
37	45	54
32	50	34
48	50	36
24	47	46
27	52	27
72	50	39
35	45	53
66	55	21
45	45	56
77	51	37
66	46	53
45	47	48
76	53	29
69	56	19
48	50	34
47	43	60
39	45	55
54	46	49
33	51	30
47	45	53
51	44	60
63	55	18
45	45	52
43	43	61
64	50	38
43	46	50
38	43	60
28	49	37
74	48	47
49	53	25
58	45	57
26	46	48
28	46	49
78	49	44
51	45	56
67	45	54
48	50	37
31	53	25
68	48	45
62	46	54
71	53	28
63	56	17
70	57	15
72	49	44
40	44	59
24	46	48
64	44	58
27	52	28
66	52	31
42	44	59
58	45	55
33	47	46
40	55	17
70	54	26
38	44	58
71	54	25
22	53	21
74	56	16
40	55	19
25	48	42
73	55	21
66	50	40
34	47	48
71	46	54
47	45	56
75	49	43
64	47	49
27	45	52
48	50	39
37	55	18
24	49	37
57	44	60
25	50	32
65	54	22
73	52	32
74	51	38
45	54	24
76	50	39
66	57	15
75	50	41
23	48	41
61	57	15
71	55	21
48	51	33
52	47	50
61	56	16
73	48	49
39	44	57
73	56	18
47	47	47
27	50	36
24	47	44
71	48	49
35	55	16
46	44	60
33	50	35
78	52	36
57	54	26
63	46	56
64	56	19
64	57	13
59	54	26
46	49	42
40	55	19
38	45	53
27	48	42
18	49	36
79	53	31
77	50	42
72	53	31
79	52	33
63	54	25
78	53	33
19	48	41
30	56	13
66	52	34
72	51	37
43	47	48
70	49	44
29	55	18
44	44	58
32	53	26
34	55	18
40	46	53
69	56	17
74	54	27
75	56	19
49	53	26
75	50	40
34	55	20
51	49	42
35	53	25
60	47	52
75	49	46
64	45	57
25	53	26
73	50	42
30	48	44
71	55	23
24	53	25
68	50	40
22	50	36
24	46	50
55	54	25
69	48	50
46	49	42
73	54	29
31	45	53
33	52	28
24	47	47
66	53	29
33	55	18
71	51	36
67	57	14
68	54	26
21	48	44
33	56	16
65	57	15
66	49	46
53	48	46
25	52	29
55	44	60
27	52	30
26	49	41
31	56	13
58	45	59
48	49	41
66	58	13
32	45	54
48	50	38
72	50	42
22	54	20
71	49	46
75	56	21
53	44	61
77	55	22
23	55	18
19	49	39
49	51	36
38	56	13
65	49	47
49	52	30
21	47	45
78	54	28
31	49	39
46	45	55
44	44	60
33	45	56
33	47	49
75	53	32
20	50	36
42	54	25
35	54	23
31	48	46
23	51	31
53	47	53
40	45	57
48	52	32
42	44	60
65	56	21
38	56	18
24	48	46
31	46	52
65	47	52
60	58	13
60	57	18
74	49	46
37	56	15
70	51	39
58	47	54
66	46	58
58	45	61
78	50	46
45	48	46
76	50	44
72	49	48
27	46	51
73	47	52
39	45	59
65	51	37
50	55	24
25	55	21
29	54	24
48	53	29
72	55	25
30	50	39
27	46	54
62	56	18
33	50	37
63	57	17
46	54	25
30	57	15
50	54	28
47	49	44
26	52	31
66	57	16
51	46	55
72	56	20
78	50	42
65	57	18
38	56	17
25	46	52
48	50	41
49	52	34
50	49	45
62	47	53
31	52	31
64	48	50
38	47	52
52	45	61
75	52	36
69	47	54
64	49	48
26	54	25
23	49	41
27	55	21
36	46	55
37	46	53
39	54	26
71	57	19
51	45	59
70	50	43
25	53	28
43	54	25
77	53	36
36	58	12
36	54	26
43	46	57
45	44	62
49	54	26
24	49	40
68	58	15
28	49	43
26	51	37
44	47	51
48	53	30
30	56	17
73	55	26
53	48	50
65	52	35
41	46	54
24	50	36
30	48	45
78	54	29
32	57	15
66	53	33
47	47	53
27	55	19
22	48	46
66	47	56
53	46	56
28	54	26
33	51	34
23	54	26
25	47	48
35	45	57
77	54	32
64	57	20
48	52	33
71	55	26
64	59	12
31	46	55
52	55	24
30	58	12
59	47	52
76	57	19
74	51	39
45	45	61
67	55	27
42	48	49
33	54	27
25	52	31
27	54	24
51	46	57
21	50	39
22	50	40
28	50	38
75	55	29
37	47	52
74	52	37
31	54	24
48	51	39
75	49	47
22	52	32
55	49	47
32	53	30
38	54	27
64	56	22
48	52	35
73	49	50
41	45	61
25	48	49
70	58	14
48	51	37
23	52	32
21	55	21
32	47	51
63	56	23
23	47	50
76	52	38
33	48	48
48	55	24
37	56	18
71	57	21
61	48	51
63	47	54
25	56	18
67	49	47
64	58	14
34	56	17
23	50	39
63	57	19
40	45	58
27	53	28
32	45	57
33	45	58
56	45	61
61	58	15
65	49	48
74	58	16
67	51	40
37	58	12
46	48	52
59	46	58
26	47	51
44	46	56
68	56	24
43	45	59
79	54	32
59	46	60
21	50	42
28	51	37
75	57	20
52	47	55
19	50	40
55	47	55
70	48	52
65	59	13
27	52	34
49	50	42
51	48	50
35	55	22
67	50	45
25	53	29
74	49	51
66	47	54
66	54	29
53	46	58
64	58	17
40	45	60
66	52	39
22	56	19
20	52	35
31	49	47
49	53	32
26	47	53
59	47	57
72	55	27
72	49	51
47	49	46
54	49	49
27	49	45
57	55	26
37	48	51
71	56	24
52	50	46
69	52	40
48	55	28
72	53	37
62	58	15
51	51	43
25	55	25
32	54	26
65	58	16
35	58	14
70	53	38
19	51	38
40	47	53
23	56	21
50	52	36
50	55	25
31	46	56
76	58	20
73	55	31
21	50	41
71	49	53
64	48	55
27	49	44
36	56	20
24	50	40
55	47	57
22	51	37
59	47	55
41	47	57
78	51	44
32	48	49
33	54	29
35	47	54
72	58	17
24	47	51
72	55	30
24	56	19
73	50	48
73	58	19
60	49	50
75	58	18
74	56	27
24	54	27
73	52	41
64	47	57
69	58	17
74	50	49
33	57	17
66	59	15
32	53	32
41	55	26
66	47	58
30	58	14
38	58	13
53	45	61
28	55	22
51	56	24
62	56	25
31	58	13
44	45	62
35	55	24
45	50	46
60	58	17
23	48	48
25	53	31
75	51	47
46	47	55
22	52	36
61	56	26
23	55	25
26	52	36
33	52	36
44	49	47
26	56	21
77	53	37
19	50	42
77	51	47
58	46	61
35	56	21
31	47	54
31	53	30
71	52	42
53	48	52
66	55	31
26	51	41
25	50	44
31	49	48
27	56	21
34	58	16
67	56	27
63	59	15
29	49	47
29	57	18
38	58	18
30	51	38
27	50	42
43	49	50
26	54	30
52	46	60
59	48	53
65	49	50
49	54	31
35	48	51
46	56	24
73	57	25
51	49	52
71	53	36
68	50	48
29	56	24
70	60	14
42	47	58
35	59	12
50	54	30
18	51	39
57	47	59
76	55	30
67	50	49
69	50	49
78	55	33
69	51	44
32	52	38
48	52	38
24	48	50
75	55	31
38	56	26
62	58	19
19	52	38
50	56	26
50	56	24
75	53	38
60	56	27
23	54	30
46	51	43
24	52	36
70	59	16
45	49	51
65	53	37
34	47	56
70	57	24
33	53	34
37	56	25
74	53	40
18	52	38
75	51	48
48	52	40
27	55	26
55	47	59
27	57	18
65	49	52
59	49	52
62	49	52
71	57	26
42	56	25
54	56	24
23	54	31
71	60	14
78	56	32
58	56	27
26	53	34
31	49	51
75	57	25
50	55	28
54	49	54
35	49	50
58	48	58
50	52	42
78	53	38
66	54	35
47	51	45
55	47	62
33	59	14
70	59	18
68	57	24
52	50	50
24	50	43
54	51	47
29	58	16
41	48	56
71	55	34
27	49	47
48	55	29
69	60	15
72	54	35
72	53	42
56	47	61
48	52	40
28	53	34
48	57	24
33	52	37
40	47	59
51	51	46
31	56	23
49	56	27
49	56	26
75	56	29
49	54	34
67	59	16
64	58	23
61	50	49
49	53	37
37	49	50
55	57	26
63	60	14
48	55	31
30	59	13
74	56	30
65	53	39
67	53	40
38	49	52
45	48	57
71	59	20
63	49	54
38	59	16
42	46	62
73	56	29
50	51	44
54	47	61
65	59	17
26	56	25
47	49	52
44	57	25
22	55	27
24	55	28
60	60	14
20	52	40
47	49	53
26	50	46
25	57	21
48	54	36
73	60	17
33	55	28
27	56	24
67	55	33
76	54	40
29	50	48
62	57	24
74	54	38
27	58	20
38	56	24
28	57	20
63	58	20
42	47	60
27	59	15
38	56	24
31	49	53
23	52	38
66	56	29
56	49	55
32	56	25
30	49	50
61	60	16
70	52	44
24	55	30
73	55	36
73	59	18
23	57	20
64	60	15
74	53	42
32	59	14
69	52	46
71	58	22
46	49	51
46	48	58
41	47	62
71	60	17
27	55	28
77	54	41
52	57	24
47	52	42
70	51	47
36	59	15
73	58	23
32	55	31
24	51	46
77	56	32
51	50	51
33	49	53
75	59	19
41	48	58
33	47	57
59	49	55
66	50	54
25	52	41
67	49	55
62	50	50
68	51	51
76	53	42
73	57	27
20	53	35
74	58	24
73	59	20
24	52	39
49	52	42
38	49	54
65	49	57
35	58	22
34	50	49
49	53	39
59	51	49
50	57	26
38	60	14
58	57	26
59	50	51
69	54	38
33	50	51
30	48	56
35	57	24
47	51	47
30	53	38
51	52	43
76	53	44
60	59	18
70	51	51
22	53	37
56	48	58
29	59	14
22	51	45
55	48	60
45	50	50
50	56	31
25	58	18
44	51	47
62	57	26
50	55	33
71	58	24
27	56	25
67	58	23
29	57	23
49	54	36
28	57	22
54	49	55
50	58	24
23	51	47
41	57	26
73	53	45
54	51	49
51	50	52
31	53	39
73	55	34
67	56	31
64	54	37
28	54	36
38	57	25
32	56	27
46	49	55
23	53	36
26	54	33
66	50	53
60	49	58
74	55	36
32	54	35
43	48	57
66	54	40
75	57	27
66	49	57
48	56	31
50	57	28
27	55	33
23	57	25
30	50	52
37	58	19
24	57	25
66	60	17
70	59	21
65	55	36
59	50	53
42	48	59
23	52	42
57	49	57
37	51	49
48	55	34
49	56	29
71	52	48
22	55	28
41	57	27
78	55	39
26	56	27
36	51	48
23	55	30
26	51	48
66	58	26
33	56	29
48	54	40
32	51	50
28	58	19
53	58	25
60	52	48
45	49	59
57	48	59
38	57	26
63	60	17
62	61	16
75	58	25
68	55	39
62	60	19
52	50	54
32	49	55
22	52	43
70	55	37
77	54	43
41	48	61
57	57	27
60	58	26
25	59	17
76	55	38
50	57	30
71	53	46
28	50	50
43	51	48
32	60	16
34	60	16
32	51	49
26	57	25
72	61	18
31	49	53
31	50	52
34	60	13
30	60	15
31	58	22
75	57	30
24	51	48
47	52	45
24	56	28
70	59	24
49	55	34
26	56	29
31	49	56
71	56	34
43	57	26
63	51	53
70	61	16
32	55	33
75	56	35
63	59	23
31	60	17
24	53	41
24	57	26
73	59	25
65	56	34
33	54	38
38	60	16
70	62	14
64	50	56
52	51	50
53	52	46
67	51	53
49	58	27
29	52	45
70	56	35
37	50	53
74	60	19
38	60	18
46	51	52
33	60	13
48	56	32
47	58	24
44	51	52
49	58	24
32	58	24
64	52	51
71	52	50
27	52	45
34	54	37
54	58	26
67	57	31
48	54	41
48	55	37
31	61	13
62	52	48
46	58	24
69	51	52
72	58	29
30	51	50
68	62	13
66	58	27
59	49	59
65	50	57
34	58	24
71	60	20
25	52	45
35	59	21
32	58	26
46	53	44
65	55	39
23	55	35
73	59	23
37	49	56
28	50	52
29	60	17
50	53	45
34	61	15
49	55	38
60	62	15
66	51	54
37	58	26
23	51	48
31	52	45
74	57	33
24	52	46
29	53	44
60	50	57
40	49	59
39	50	56
46	49	59
61	61	17
72	62	16
53	50	57
35	52	48
29	59	19
24	55	34
38	51	52
46	51	55
27	58	25
22	52	45
48	54	42
65	52	50
64	51	54
75	61	20
21	54	38
49	56	33
54	52	50
73	59	27
72	53	49
27	51	52
66	61	16
23	53	40
27	58	22
51	51	52
26	51	50
51	54	43
32	61	14
30	54	38
51	53	46
40	50	57
36	61	16
51	51	55
46	50	57
66	53	48
73	53	48
26	55	36
23	58	25
46	53	47
58	52	50
54	52	48
50	59	23
48	58	25
39	58	27
27	52	46
44	51	55
26	60	16
38	51	50
67	60	23
26	60	18
68	56	38
30	50	54
38	61	15
59	51	55
51	50	56
32	57	31
23	54	41
73	57	35
43	51	51
28	60	18
43	49	59
32	55	39
77	55	41
33	60	17
72	57	33
67	62	15
27	53	44
68	53	50
67	51	56
51	59	24
46	49	61
44	49	60
28	56	33
49	55	37
30	53	44
57	51	56
21	53	43
29	55	37
25	53	44
70	61	21
65	62	17
67	56	39
41	50	58
58	51	57
27	57	28
49	56	36
24	55	37
29	53	47
65	58	32
50	59	26
37	50	55
73	52	51
49	55	39
25	52	47
64	61	17
75	54	46
29	59	22
61	50	59
24	51	50
29	51	52
64	53	48
49	54	43
75	57	36
33	52	48
34	62	13
35	59	25
32	62	12
26	56	33
69	62	17
32	59	21
24	60	18
78	56	38
25	58	28
73	61	19
49	57	31
66	60	24
28	59	21
75	55	45
55	51	56
63	59	26
36	61	18
67	53	48
21	56	34
74	53	49
26	58	26
44	59	26
21	55	35
66	53	51
53	52	52
65	52	53
26	59	23
65	59	30
26	55	38
59	59	27
58	52	53
24	53	44
72	57	37
21	53	45
26	58	27
28	59	23
24	58	27
69	53	50
49	58	30
60	53	49
34	56	35
20	55	38
33	55	38
28	56	34
50	58	28
74	57	37
36	50	57
70	62	15
72	62	20
49	58	30
74	59	29
31	53	47
69	57	36
34	60	22
49	57	35
63	61	23
32	53	46
72	56	39
37	53	49
74	60	25
30	52	49
48	59	27
71	60	25
58	52	52
57	59	27
29	52	49
52	59	26
59	63	15
66	51	57
43	52	53
76	55	43
64	56	38
75	60	26
34	60	21
59	51	58
74	56	40
74	57	38
49	58	32
23	52	49
62	62	17
34	61	18
68	53	52
47	54	45
71	53	53
33	59	24
24	52	47
40	59	26
73	58	32
44	51	57
76	57	37
72	56	41
44	53	48
33	58	30
76	56	42
23	56	35
50	59	27
69	61	23
26	51	53
43	53	50
35	61	20
64	61	21
70	58	35
29	51	55
30	53	47
33	60	20
21	54	40
23	56	34
49	58	34
27	55	40
49	55	41
32	58	29
31	60	21
77	57	40
24	55	39
27	52	51
66	63	15
71	62	19
42	59	26
66	60	25
71	56	39
75	59	29
50	60	23
71	57	36
67	57	38
22	54	44
48	58	31
70	53	52
29	55	41
75	55	48
36	61	17
66	60	27
38	52	54
63	60	24
30	61	17
71	61	24
71	53	51
70	53	54
28	61	17
39	51	56
64	57	36
33	57	34
37	62	16
32	54	45
67	53	53
43	52	55
70	58	33
65	54	48
68	52	54
73	54	47
67	52	57
69	54	49
73	55	45
34	53	50
26	56	37
37	62	15
37	51	57
52	55	44
28	51	54
71	58	34
70	62	20
25	52	51
71	57	38
67	61	22
36	51	56
73	60	26
27	56	35
24	59	25
60	60	27
51	50	61
49	55	41
72	60	28
65	63	17
47	59	30
33	57	32
71	55	46
52	51	59
70	61	24
66	61	23
27	59	24
21	55	42
36	59	26
27	55	42
73	56	44
51	53	53
51	61	23
28	56	39
65	57	39
64	62	22
75	57	39
54	51	58
65	59	31
32	60	26
51	55	43
25	61	18
51	52	56
32	62	18
49	58	33
68	58	37
69	53	53
27	53	48
59	53	51
37	63	14
53	54	48
52	52	57
39	52	51
60	52	58
40	51	59
28	53	48
55	53	51
34	56	37
46	53	49
23	56	37
25	55	42
47	56	43
28	57	33
29	62	19
73	55	49
42	51	58
51	54	48
32	54	48
31	56	37
73	57	42
26	59	28
67	53	55
22	57	36
62	54	49
51	55	45
25	55	44
74	54	51
70	57	41
61	63	17
54	60	26
56	52	57
27	61	21
49	56	40
58	52	58
31	53	50
38	63	13
31	55	44
62	63	19
28	61	20
43	53	52
58	52	55
70	63	18
54	51	60
29	55	42
27	55	45
70	62	22
53	51	61
38	52	55
33	57	38
29	55	44
38	54	50
31	54	48
56	60	26
49	58	35
30	57	36
64	61	24
46	55	47
54	54	50
72	54	52
47	59	31
25	53	49
59	61	27
37	63	15
53	53	55
62	54	50
66	55	49
41	52	55
60	52	60
76	58	38
45	52	59
68	64	17
43	60	25
69	56	43
38	60	26
26	60	26
65	64	13
33	54	47
74	61	29
74	62	24
21	56	38
36	54	50
73	63	20
21	54	44
59	52	57
54	53	53
46	51	61
47	60	30
29	58	35
49	60	29
45	54	50
71	55	50
28	62	18
48	59	32
67	64	15
26	53	52
71	62	25
29	61	22
25	59	26
75	57	42
68	55	48
68	57	43
64	55	49
23	56	39
66	63	21
24	53	50
46	61	26
28	53	50
49	57	38
49	57	37
28	56	38
29	63	16
32	59	29
30	56	41
57	61	27
47	56	44
44	52	59
69	63	19
25	61	23
61	54	53
23	56	41
45	61	26
25	60	28
53	52	58
67	63	20
33	53	51
62	61	25
31	63	16
38	53	54
68	59	36
27	61	23
70	58	40
49	58	36
43	53	54
32	62	20
64	63	20
68	62	22
76	58	41
67	64	18
49	57	40
49	56	42
52	51	62
72	60	33
40	61	26
23	55	45
59	52	59
60	55	51
75	57	44
74	62	27
45	54	52
34	62	19
44	51	61
29	54	49
56	52	59
33	60	28
70	59	34
65	59	34
68	57	45
69	63	21
47	60	29
37	61	26
61	62	26
27	54	50
76	58	43
34	53	53
55	52	61
57	53	59
27	63	16
71	59	36
36	63	18
50	60	32
73	62	26
63	55	51
34	61	26
65	56	49
27	58	34
63	64	18
37	53	57
65	62	27
64	59	38
65	61	29
34	64	17
71	64	21
67	57	44
44	53	56
73	57	45
45	53	57
72	58	42
60	62	26
33	58	38
25	56	43
71	63	24
72	62	28
38	54	53
29	54	51
22	56	41
72	60	34
36	64	16
33	59	32
72	63	25
63	64	17
51	61	27
23	56	43
55	53	55
64	64	21
72	56	49
58	54	54
71	56	48
71	57	45
65	60	33
32	54	49
31	54	52
65	60	32
45	61	25
22	56	42
69	65	18
33	59	34
66	59	38
48	57	42
63	55	53
33	63	19
39	53	56
52	55	50
21	57	40
27	58	37
70	63	22
34	58	37
26	62	22
69	58	42
70	59	38
65	55	51
38	54	51
61	62	27
45	54	53
27	56	44
56	55	52
25	54	51
24	56	45
32	56	45
67	65	17
69	56	49
68	56	50
47	55	50
33	64	16
26	59	35
50	61	28
26	61	25
49	58	37
71	57	46
61	64	18
47	60	31
71	56	49
31	57	43
68	57	46
31	56	46
29	58	37
31	55	50
54	54	57
74	62	29
72	58	44
33	55	50
58	54	55
66	57	45
68	64	22
48	60	34
30	63	22
46	53	58
43	53	58
49	60	34
58	62	26
51	56	47
73	60	36
55	55	50
49	58	42
33	56	47
27	55	51
30	63	19
72	64	19
28	63	21
70	63	24
25	61	26
65	65	17
50	61	30
31	64	15
51	57	43
52	57	44
28	59	35
64	66	15
68	59	41
62	55	54
69	60	36
53	53	61
59	55	52
27	60	33
63	63	26
69	65	18
73	56	51
46	53	60
71	63	26
53	53	59
44	55	50
74	58	42
34	59	35
31	64	18
22	56	44
69	64	23
75	59	42
69	58	46
25	62	25
41	54	56
60	54	59
29	58	41
64	60	36
59	54	57
49	61	33
41	62	25
55	55	54
56	62	26
29	64	18
63	65	16
66	56	51
30	64	16
67	58	43
37	54	56
34	55	48
26	56	45
66	65	16
66	65	20
71	60	37
27	63	23
28	64	18
32	61	30
36	55	51
49	58	41
51	57	45
37	65	16
54	56	49
32	58	42
32	59	39
46	57	44
66	66	14
34	64	19
42	54	57
30	58	38
68	60	38
70	59	39
72	63	26
65	55	53
43	63	25
30	63	21
56	54	59
69	60	40
58	54	59
74	58	46
47	57	46
29	64	17
43	55	54
38	54	54
65	65	20
36	53	59
32	64	16
51	62	27
36	62	27
44	56	51
37	53	58
54	63	26
62	56	53
66	65	22
64	55	56
66	62	30
45	54	57
73	63	29
38	55	53
47	62	27
44	56	49
50	62	29
31	63	21
74	59	44
49	60	36
68	66	16
64	60	38
55	54	60
43	53	60
26	63	23
70	58	48
49	59	41
26	60	33
70	61	35
65	63	29
52	53	61
49	59	39
33	64	20
32	61	32
46	63	26
27	59	40
36	65	15
49	60	37
33	62	29
47	62	30
30	57	47
47	57	48
73	64	27
64	58	46
36	54	57
65	58	44
36	65	18
33	55	52
71	64	25
34	62	28
35	60	36
33	55	54
59	64	26
38	63	24
72	58	47
67	60	39
61	57	52
48	61	33
64	61	35
73	64	26
68	65	21
68	57	52
72	62	34
64	62	33
48	59	42
33	59	38
31	57	46
72	58	50
67	58	47
50	62	31
49	59	43
61	64	27
31	59	42
73	61	37
59	56	55
55	57	51
70	58	47
39	55	57
26	59	37
65	65	22
70	58	50
43	55	56
65	56	55
35	66	16
69	65	22
55	57	52
49	60	39
33	66	15
66	58	50
64	66	18
45	64	24
29	60	36
54	55	57
69	59	46
43	57	50
31	65	20
53	58	48
26	63	25
70	64	26
70	65	24
64	58	49
49	61	35
32	65	18
32	58	45
63	63	28
42	55	59
27	61	34
54	56	54
65	66	18
58	64	26
34	56	52
69	61	37
40	63	25
46	59	44
34	57	48
52	55	59
54	56	55
35	60	38
37	63	27
62	58	48
33	61	33
68	61	41
25	60	36
31	60	37
43	56	53
64	59	47
23	60	36
51	58	49
32	57	48
28	61	35
46	55	59
64	57	51
27	64	22
43	57	49
63	56	55
26	64	24
72	61	39
71	64	27
47	59	46
63	67	15
69	65	23
25	60	39
66	58	48
46	56	58
31	65	22
38	57	51
66	57	54
51	59	43
28	64	23
35	61	35
49	60	42
48	61	38
59	56	59
67	60	42
34	57	50
38	56	56
59	57	52
28	57	48
52	57	54
48	61	36
74	62	38
39	56	54
63	61	39
63	60	45
39	57	52
65	63	31
51	64	28
68	58	50
41	64	26
47	62	32
67	58	52
46	65	24
65	61	39
49	63	32
53	64	27
27	59	41
52	56	56
67	60	44
52	56	58
45	56	56
40	56	57
62	62	36
70	63	34
53	57	52
44	64	26
47	59	47
55	55	59
59	56	57
29	65	22
45	55	60
65	67	20
32	55	57
48	60	41
33	66	18
52	64	26
25	62	35
64	64	30
53	55	61
50	64	30
69	63	36
51	59	45
62	57	54
43	55	60
70	59	48
59	65	27
58	57	53
65	57	57
35	63	29
52	59	47
68	66	22
62	59	46
29	61	35
26	65	23
39	55	59
64	58	53
38	55	59
70	66	24
36	57	51
61	65	27
57	56	58
33	67	17
45	65	26
68	58	51
72	66	25
32	61	37
30	58	49
67	59	48
70	62	40
64	60	44
32	65	20
24	61	36
68	62	37
48	60	42
34	61	39
33	63	31
71	59	49
62	65	28
62	59	50
63	58	51
70	58	53
44	59	47
45	59	48
57	65	26
51	57	55
34	57	54
32	56	55
39	57	55
58	57	56
68	58	54
63	57	57
49	62	37
48	62	38
32	58	49
48	61	40
66	67	20
44	57	54
43	56	58
64	63	34
26	58	48
74	62	39
35	62	37
64	68	17
46	65	27
42	56	57
31	61	36
33	57	53
32	59	44
28	58	50
31	60	42
71	63	35
59	65	25
29	60	42
43	58	52
49	63	35
66	62	39
46	65	26
47	64	29
43	65	27
72	63	36
55	65	27
30	59	46
28	62	35
47	59	49
68	61	43
31	58	50
34	62	35
63	63	35
68	62	41
46	57	56
24	61	38
51	61	43
61	58	54
53	59	52
52	56	60
54	59	49
70	59	51
64	58	54
47	60	45
48	63	34
48	61	40
32	58	51
45	56	59
59	59	52
25	61	40
27	65	24
57	58	55
62	63	38
41	65	25
26	62	36
46	61	43
28	62	37
45	57	57
47	66	24
69	67	22
62	60	48
32	67	19
35	58	53
38	65	26
28	66	22
30	58	51
28	59	47
31	66	22
62	65	30
64	58	56
69	64	34
65	61	45
69	61	48
64	68	18
26	61	42
69	60	49
27	59	47
53	65	27
27	63	33
62	58	55
59	66	25
36	64	29
35	62	38
51	61	45
70	67	24
48	61	42
43	59	49
52	60	48
38	57	58
62	61	46
25	61	43
33	62	39
31	67	20
64	63	39
73	63	41
46	67	23
75	63	41
51	66	28
40	58	54
74	64	38
68	64	36
39	57	57
45	58	53
65	68	20
64	57	59
60	66	27
43	56	60
50	64	31
70	62	43
63	59	53
29	66	21
30	62	38
56	57	58
37	59	50
28	58	51
39	59	51
52	58	56
41	57	57
29	61	43
64	65	33
27	62	38
45	66	27
45	66	25
34	64	32
40	59	52
24	62	37
31	58	52
54	57	59
70	62	42
35	64	31
29	58	52
65	65	32
52	66	26
60	59	53
72	60	51
49	64	33
51	61	46
39	57	59
44	60	50
46	61	46
51	59	54
25	59	48
48	64	36
47	65	32
48	63	38
32	58	55
69	62	44
37	59	52
42	66	26
48	62	42
36	58	54
62	60	50
56	66	26
58	58	59
23	61	44
22	62	39
27	59	49
46	59	54
43	58	58
73	64	37
63	65	32
48	63	39
71	62	44
32	64	32
52	58	58
62	60	52
66	64	38
71	63	41
54	60	51
22	62	41
62	62	45
43	60	48
34	58	56
61	61	47
48	63	37
52	58	60
62	64	37
71	62	45
30	62	39
64	59	58
40	66	26
43	66	27
40	58	56
51	66	29
57	58	57
29	60	50
60	67	26
23	61	42
63	65	34
73	64	40
34	63	35
67	62	45
51	62	43
46	60	48
72	65	35
46	62	44
61	66	29
33	64	34
57	59	53
35	58	55
63	61	50
49	64	35
28	59	53
47	67	25
32	58	57
38	66	28
65	64	38
58	67	26
44	61	47
45	60	52
31	60	49
36	67	25
73	65	38
68	64	38
46	66	28
50	67	23
38	58	59
26	61	44
51	67	25
25	63	38
63	60	54
49	64	37
70	65	34
30	68	21
52	58	59
42	58	57
25	63	39
24	62	40
63	61	48
35	63	37
72	63	45
63	61	51
41	67	25
31	61	44
65	61	50
52	59	54
45	63	42
53	60	52
61	64	38
38	60	50
27	62	44
54	61	50
32	63	40
48	65	34
38	67	26
51	62	48
28	60	49
35	63	40
59	60	53
53	67	27
36	60	53
62	62	47
51	67	27
46	67	26
37	67	27
47	68	24
71	66	35
28	63	40
50	62	45
73	64	43
62	59	57
34	63	40
48	64	40
65	63	45
74	63	44
65	66	32
48	65	34
50	66	31
65	61	52
59	68	26
48	65	36
35	60	51
62	65	35
29	62	44
56	68	25
35	65	34
43	58	59
72	64	41
60	60	54
40	59	59
47	60	53
63	60	56
36	61	49
32	61	49
69	63	46
52	61	49
48	64	40
51	67	28
24	61	45
57	60	55
70	65	37
40	60	53
57	59	59
55	67	28
52	62	48
57	68	26
29	60	52
45	59	59
53	60	56
61	60	56
35	65	36
29	60	54
31	64	40
46	66	30
47	68	23
35	60	54
46	67	29
64	61	53
70	64	44
46	59	56
64	66	34
45	68	26
56	68	26
24	62	43
39	59	58
62	68	26
29	62	46
61	67	31
46	68	24
49	64	42
43	61	49
57	60	56
55	62	51
36	66	33
63	60	58
51	69	24
60	68	27
26	63	40
64	63	47
42	67	27
60	69	25
72	66	36
28	62	47
51	62	49
72	63	47
39	68	27
71	63	46
49	66	33
36	66	30
44	68	27
32	61	50
34	59	55
63	65	40
52	59	60
65	63	49
70	64	43
40	68	25
40	60	55
39	59	60
48	65	38
56	60	58
52	68	26
48	65	36
36	68	27
66	62	50
54	62	48
29	67	29
44	59	61
60	68	29
32	67	27
63	61	55
64	67	32
46	63	46
33	62	48
52	61	54
64	64	45
65	66	40
46	63	44
54	60	59
30	67	28
51	60	57
58	61	52
46	62	48
72	65	43
72	65	40
46	69	26
37	67	29
51	64	42
32	60	56
73	66	37
65	68	28
51	69	25
30	62	48
31	61	52
51	63	47
53	63	46
34	62	49
67	66	39
39	61	51
69	66	38
48	67	33
71	66	38
29	66	35
34	61	52
38	62	49
46	64	42
51	67	30
43	60	58
45	68	27
31	60	55
62	66	37
46	67	32
34	66	35
44	62	51
48	65	39
45	61	52
51	68	28
50	64	44
68	64	45
43	69	23
43	63	47
63	61	58
28	64	40
28	63	45
44	63	46
66	62	54
26	63	45
34	68	27
55	69	25
73	66	39
50	69	26
42	69	25
67	64	45
27	62	49
63	69	27
23	64	42
57	62	54
38	60	59
30	65	40
33	61	54
36	66	34
48	67	36
50	68	32
62	67	34
33	65	41
63	63	51
56	61	56
30	61	53
40	61	55
47	60	58
65	62	52
36	66	38
63	67	35
53	62	55
39	60	57
65	65	45
30	67	30
33	62	50
65	62	57
47	65	41
35	68	26
27	66	35
67	69	28
54	69	28
25	64	42
25	64	41
61	62	55
41	60	58
61	69	28
37	69	26
35	65	41
52	69	27
69	66	43
52	61	59
64	64	47
62	63	49
68	63	50
54	61	58
69	65	44
70	66	43
48	67	34
35	62	50
58	70	26
52	64	46
70	65	47
72	66	41
62	68	33
64	69	29
48	66	37
25	63	45
28	66	36
39	61	53
46	60	59
64	63	50
54	63	52
47	61	56
65	64	48
47	70	24
46	64	45
48	66	40
59	63	53
48	66	39
38	69	28
64	63	53
36	66	40
30	66	36
45	61	58
68	69	29
36	68	30
55	69	28
61	69	31
29	68	29
62	63	51
62	69	30
62	62	56
42	69	27
40	63	50
40	69	28
26	64	44
66	62	56
49	66	41
42	63	49
57	63	53
37	63	49
62	70	26
45	62	54
67	64	49
48	67	36
31	61	55
34	69	29
53	62	56
46	68	32
60	64	49
45	69	29
28	64	46
31	64	46
54	63	50
31	64	48
46	68	31
34	63	47
27	68	30
40	61	59
71	67	39
43	61	56
25	64	46
32	64	47
27	65	40
36	67	36
51	69	30
37	68	33
51	66	41
48	68	34
31	69	28
51	66	44
31	68	30
54	65	46
48	67	37
46	65	44
44	70	26
50	65	45
28	66	38
66	65	46
40	70	26
42	62	56
46	70	23
65	67	40
25	67	36
34	63	52
27	67	37
56	71	26
31	68	31
43	70	24
31	66	40
51	62	57
52	63	52
29	63	50
38	64	48
43	61	59
32	69	29
66	67	38
62	68	36
46	70	26
52	70	26
71	67	42
34	66	40
41	61	57
44	63	51
65	63	56
46	62	57
36	68	35
27	66	39
68	66	45
35	64	48
63	65	49
69	64	51
52	65	46
46	65	47
52	63	53
57	63	55
54	64	49
38	62	55
29	66	39
48	69	33
29	67	36
50	71	23
32	63	51
36	69	30
52	69	31
29	64	46
28	63	48
62	67	39
61	63	54
66	71	28
42	70	24
34	70	27
45	70	27
52	62	59
36	67	38
67	67	43
31	67	38
43	70	27
52	66	43
30	65	44
54	62	57
48	67	38
34	63	50
47	67	40
51	70	28
24	67	37
58	70	28
61	69	35
70	68	39
61	68	37
45	64	52
65	71	27
30	64	48
62	64	53
44	62	56
63	63	57
39	62	58
60	71	26
38	62	57
27	67	36
44	65	46
67	65	50
69	68	39
32	70	27
41	62	59
66	70	29
24	66	39
37	70	27
70	66	45
46	66	42
60	64	51
25	67	38
51	71	25
26	64	48
49	69	34
67	66	47
61	70	32
33	63	53
63	71	26
32	66	44
73	68	40
32	67	38
43	65	48
55	71	25
58	65	50
39	64	49
54	71	28
46	71	25
71	71	30
46	63	55
40	63	56
47	71	25
62	66	49
48	68	36
25	66	42
62	70	31
42	71	26
33	69	31
46	70	32
24	68	36
36	69	32
35	70	26
63	64	55
51	70	32
68	69	37
55	71	26
38	70	28
64	68	40
64	71	30
53	62	58
68	67	42
28	70	30
68	71	30
59	64	53
64	65	50
53	66	45
43	66	46
55	63	56
27	66	43
46	70	30
30	70	29
67	69	37
32	63	53
28	66	45
51	68	40
34	68	39
48	69	36
35	67	39
28	65	47
52	65	51
69	68	42
51	64	53
46	66	46
40	64	52
37	65	48
44	72	24
54	66	46
51	66	45
53	64	55
69	70	35
40	64	54
28	65	49
37	69	34
31	69	36
72	68	42
34	70	30
58	64	54
34	65	46
68	67	45
27	70	31
48	68	38
66	67	45
43	63	55
65	69	38
25	65	46
31	68	37
70	71	30
34	70	32
70	70	36
49	68	40
71	70	37
60	66	48
35	64	53
52	72	26
36	64	52
40	71	28
69	69	38
59	65	52
51	63	58
69	66	49
53	66	48
70	70	34
64	72	27
45	65	51
72	70	36
57	72	27
47	73	24
61	72	27
71	68	43
66	68	43
52	71	31
47	67	43
51	67	43
26	65	49
36	65	49
68	72	29
53	65	50
66	67	46
68	66	52
50	72	27
44	65	50
48	69	37
56	72	26
52	71	29
31	70	31
44	72	27
57	64	55
59	66	48
61	70	36
44	71	29
50	73	23
24	68	38
44	64	54
69	67	46
28	69	34
34	64	52
52	68	42
46	68	41
65	67	45
37	69	37
53	65	53
72	69	40
48	69	40
30	69	35
54	64	58
43	67	45
44	64	56
48	69	35
24	67	40
30	70	31
62	69	39
68	71	32
47	70	33
59	72	29
34	66	48
66	71	32
29	69	37
66	67	48
35	70	33
61	65	53
40	72	26
41	64	55
46	65	52
59	65	55
36	71	28
55	64	57
64	71	33
26	66	47
45	72	28
58	67	49
62	71	33
46	72	26
46	64	57
29	67	44
58	66	51
66	66	53
54	72	28
51	73	25
63	71	34
34	65	50
51	64	56
71	72	31
28	68	41
32	71	29
45	64	56
39	66	49
42	72	27
66	72	31
26	67	45
68	67	50
68	68	47
32	67	43
36	69	39
67	67	49
58	65	53
51	66	52
55	73	24
67	73	28
63	71	31
67	69	43
26	68	41
33	67	45
27	67	45
36	66	51
29	71	29
45	71	32
38	71	29
28	71	28
51	66	51
32	70	32
27	71	29
25	68	39
33	72	27
64	67	48
39	64	56
27	69	37
46	73	26
51	69	40
51	68	45
25	69	37
72	71	38
49	71	35
53	68	44
64	68	46
65	73	29
61	73	29
64	67	51
63	73	29
34	69	39
63	67	50
68	69	43
54	67	47
63	73	27
42	73	25
39	66	50
52	72	28
67	71	37
57	65	57
43	73	24
63	72	33
59	66	54
42	73	26
60	65	55
28	68	42
47	68	42
71	72	34
69	70	41
69	68	48
65	67	50
52	65	59
49	69	39
48	70	37
35	70	34
43	67	48
51	73	26
72	70	41
46	72	30
61	67	49
28	71	30
52	67	49
29	70	34
45	67	50
59	65	57
37	67	48
52	72	32
69	70	39
53	67	48
55	74	25
67	67	51
31	70	36
51	71	34
40	66	53
48	70	39
52	69	41
36	71	35
46	69	44
70	70	42
72	72	35
46	68	45
52	66	55
72	70	40
64	68	49
48	71	34
33	67	48
55	74	26
39	72	28
65	71	38
50	74	24
31	68	43
31	72	30
71	70	43
55	69	45
65	72	34
66	69	45
53	74	26
51	73	30
42	65	56
44	65	55
70	74	29
58	74	28
34	65	54
71	71	38
32	67	46
44	73	26
57	74	26
33	68	44
63	71	38
34	72	29
46	73	27
58	66	55
63	72	36
61	73	31
34	71	34
45	66	53
49	71	37
40	67	51
47	70	41
51	69	43
45	65	58
62	71	37
58	68	49
52	71	39
28	71	34
35	66	53
39	66	55
34	66	52
29	70	36
31	72	32
33	70	37
26	71	33
28	69	41
44	68	49
51	71	38
29	68	43
68	74	30
52	69	45
41	74	26
69	72	35
26	68	45
36	67	49
62	73	31
32	69	42
69	70	43
50	68	50
59	73	30
58	66	56
53	66	58
27	70	40
69	73	31
27	68	44
55	66	56
30	68	48
29	72	31
52	67	53
68	71	40
69	71	39
34	70	38
66	68	52
67	70	44
38	65	57
51	72	36
33	73	31
28	70	38
29	73	27
54	69	44
44	69	45
67	72	37
47	71	39
64	69	48
36	71	37
31	67	49
43	69	47
44	73	30
59	69	48
35	73	30
39	74	26
37	73	30
67	73	32
68	74	30
63	74	30
55	69	47
50	74	27
52	73	29
46	75	25
48	72	36
52	67	55
62	68	51
45	66	57
65	74	29
51	66	58
66	69	48
47	71	38
27	72	33
58	66	58
30	71	35
43	66	57
25	71	38
45	68	52
51	68	51
43	69	45
38	74	28
32	67	51
47	74	26
53	73	32
51	68	49
51	75	25
46	73	34
46	70	45
71	74	34
57	67	56
41	67	53
69	71	43
40	68	49
64	69	49
50	75	26
64	69	51
32	72	33
37	68	48
65	70	45
51	73	35
29	71	35
57	68	52
51	74	28
27	74	28
35	72	36
55	76	25
65	73	34
26	72	33
34	73	32
53	69	48
28	73	30
30	70	42
57	75	27
55	67	55
31	73	30
29	71	38
45	74	28
64	68	53
63	72	37
52	74	31
43	75	25
53	67	56
52	71	41
65	72	37
45	70	43
26	72	34
39	69	48
65	71	42
35	67	55
47	70	42
58	75	28
57	69	50
66	70	46
50	76	24
71	75	31
54	67	55
63	71	42
67	70	46
46	67	54
43	75	27
40	67	56
36	68	51
33	69	48
55	75	27
44	69	48
62	75	31
34	72	35
30	74	28
33	70	42
28	70	42
29	73	33
32	72	36
32	69	46
67	72	43
41	67	57
63	71	44
59	75	29
61	74	32
30	72	37
44	75	26
45	74	30
45	74	32
54	71	43
52	72	40
52	72	38
33	70	44
57	68	54
53	71	44
34	70	47
41	68	51
25	73	32
35	69	48
60	69	51
25	73	34
33	73	34
60	69	52
70	76	29
52	74	34
58	70	49
67	75	30
34	68	51
50	77	23
52	73	37
66	73	36
52	71	44
41	68	52
42	67	56
46	74	30
52	76	27
31	69	49
45	71	42
34	72	37
29	73	31
70	74	36
41	76	25
29	69	48
45	75	27
53	75	28
44	67	56
55	71	45
66	71	44
66	72	41
58	68	55
46	67	58
44	75	29
46	69	50
28	72	38
36	70	46
31	73	33
52	69	51
30	69	49
28	71	40
47	72	40
43	71	44
52	68	53
71	74	37
31	73	35
26	74	30
34	68	53
28	74	32
51	70	48
68	74	35
36	74	31
65	74	35
51	67	57
45	68	53
27	74	31
66	70	49
47	73	36
64	70	49
33	69	50
28	75	28
64	75	30
46	68	56
68	71	45
32	70	47
51	68	56
61	71	46
25	74	30
37	75	28
63	71	48
39	75	28
35	70	45
40	75	27
50	75	31
31	75	28
59	75	31
60	76	29
51	72	43
68	75	32
51	77	24
62	70	52
61	69	54
62	70	51
47	76	25
37	70	49
31	71	41
52	76	29
53	75	34
45	76	26
69	72	45
43	68	55
70	75	34
38	75	30
45	72	40
47	73	39
58	68	57
52	74	35
69	74	37
65	76	31
56	69	56
54	72	42
36	69	51
35	70	49
26	74	33
29	72	38
63	76	31
63	69	54
69	74	39
64	73	42
51	76	30
54	71	46
33	71	43
66	75	33
53	77	24
26	72	39
54	77	25
53	68	56
50	77	26
32	75	30
40	70	50
32	71	45
63	73	44
61	71	48
37	71	44
45	71	48
44	72	43
56	76	28
52	75	32
30	71	42
45	75	33
41	68	55
34	75	32
44	77	27
53	73	41
61	76	32
69	76	31
44	76	28
59	71	48
68	73	40
42	77	26
54	69	55
44	75	31
54	77	27
50	76	28
65	72	47
63	71	51
66	76	31
63	70	52
28	74	36
63	73	42
30	70	46
26	74	31
45	70	51
55	72	45
51	69	55
28	72	42
39	70	48
26	72	41
34	71	45
63	72	46
51	73	43
46	74	37
68	77	29
55	77	26
42	77	25
64	72	46
26	74	35
51	77	26
50	78	23
61	72	45
46	77	27
60	71	49
49	76	31
50	77	25
57	71	50
29	76	29
33	71	46
44	71	47
37	72	46
37	75	31
45	74	38
60	71	52
32	73	41
52	71	50
54	75	35
43	76	30
55	73	43
36	72	44
52	69	57
57	70	55
68	75	38
66	74	41
36	71	47
70	74	41
28	75	32
43	72	46
37	72	43
34	70	51
46	75	35
64	72	48
30	76	29
41	77	27
53	72	48
52	74	40
44	76	32
52	70	54
29	74	37
46	70	55
31	76	29
67	76	35
43	78	24
69	75	36
26	73	39
60	72	47
58	77	29
63	77	32
54	74	39
43	77	27
53	77	28
52	75	38
33	73	42
53	78	25
27	76	30
38	77	29
57	71	52
45	70	53
64	73	45
40	70	54
53	71	52
44	70	56
30	73	41
57	70	57
55	74	40
42	70	55
38	71	48
44	75	35
45	77	31
54	75	37
60	77	33
67	78	29
45	74	40
49	76	32
64	72	50
45	73	42
58	72	48
44	71	50
36	71	50
35	71	49
38	73	45
53	76	33
60	72	52
46	78	26
35	72	44
40	71	51
68	77	31
36	77	30
27	75	34
44	73	45
51	72	48
28	74	38
31	72	46
61	72	51
66	75	40
43	71	51
52	77	31
45	75	37
37	74	42
55	73	46
40	72	49
45	78	27
55	71	55
65	77	31
56	78	29
63	74	41
43	70	55
44	77	29
54	78	27
35	73	43
27	73	43
44	72	47
41	78	28
65	74	46
55	78	27
29	73	43
50	79	24
68	75	40
52	78	27
54	71	54
51	72	50
30	76	33
42	78	27
57	72	50
29	77	31
33	73	46
66	73	49
51	78	27
63	74	43
42	77	31
53	70	56
55	76	38
46	72	49
27	74	41
61	74	43
58	78	31
32	73	45
69	78	33
35	76	33
64	75	40
51	79	26
50	79	26
51	71	55
60	74	45
67	75	42
34	77	32
68	76	37
65	74	47
51	77	32
68	79	30
52	71	57
33	73	44
55	74	43
50	79	24
29	75	37
32	77	30
55	74	44
60	73	49
46	78	28
53	72	54
61	73	48
68	75	43
28	76	34
61	73	50
28	77	29
33	74	41
35	77	32
67	78	33
54	77	37
46	70	57
38	73	46
67	78	31
29	74	41
36	73	47
61	72	53
53	77	35
44	76	37
51	78	29
28	74	44
64	76	39
61	78	32
28	76	35
44	72	52
55	75	41
62	74	45
66	79	30
39	74	42
43	79	26
37	73	49
61	73	52
62	73	49
66	77	35
43	75	40
37	77	32
32	75	40
39	71	54
46	75	40
44	75	41
39	73	48
53	79	26
69	78	35
35	72	49
58	79	29
67	76	40
43	75	43
45	76	39
52	72	52
46	80	26
43	75	39
57	73	52
31	77	34
65	76	39
46	75	43
45	71	54
43	77	35
59	78	32
63	76	39
36	72	51
66	77	37
63	78	32
34	74	43
52	74	48
44	77	33
45	75	43
44	79	28
44	73	48
43	77	36
46	75	42
44	78	32
38	74	44
43	78	30
56	73	52
56	76	40
37	78	30
31	77	35
64	79	32
53	79	28
64	75	46
57	72	55
30	75	40
55	72	54
28	74	42
45	79	29
35	75	42
52	80	25
46	74	48
46	80	27
42	78	31
43	73	51
64	75	45
52	72	55
66	75	47
64	76	43
41	80	27
29	78	30
50	74	48
66	79	33
31	76	37
40	73	51
27	76	38
54	72	55
27	78	30
54	80	26
51	74	49
30	78	32
53	74	47
68	77	42
42	77	38
28	76	40
43	72	56
51	78	34
42	72	54
60	76	44
55	75	43
32	74	45
58	74	48
50	80	24
44	74	47
54	75	45
43	80	28
46	75	46
55	77	38
68	77	40
28	77	36
52	74	51
34	78	31
50	80	27
43	78	32
44	75	45
56	80	28
55	80	27
52	73	54
31	74	46
40	79	29
40	72	54
46	72	56
40	73	53
64	78	38
42	76	39
54	74	51
56	80	30
50	79	33
46	79	29
58	79	31
29	78	34
65	79	35
52	79	30
53	79	32
32	75	41
67	80	30
52	78	35
38	76	41
60	74	49
56	74	49
37	74	48
54	78	36
39	74	49
61	77	43
51	80	27
42	76	42
52	72	57
32	77	38
55	75	49
67	78	38
34	76	43
60	75	46
32	78	35
32	79	31
33	75	45
36	75	47
39	75	43
54	81	28
63	77	42
31	79	31
54	77	42
66	78	36
42	73	54
63	76	44
62	77	40
58	73	54
51	73	53
31	75	44
62	75	50
28	78	34
45	73	54
60	76	48
68	80	32
52	76	46
62	78	39
51	80	33
31	77	40
67	78	40
42	77	40
44	80	30
61	75	49
31	79	34
44	79	34
36	79	32
56	74	54
29	77	37
35	77	41
45	74	51
32	78	36
62	80	32
38	75	48
31	78	38
66	78	39
43	76	45
45	73	55
33	76	44
27	77	38
44	74	50
65	79	37
53	82	26
43	79	36
63	78	37
52	74	55
59	78	42
64	77	43
41	74	53
43	81	27
43	80	31
60	80	33
55	74	53
42	78	37
38	80	31
39	74	52
37	79	33
53	77	44
57	76	48
42	80	33
52	81	28
43	76	47
38	76	45
55	78	40
30	77	39
31	76	46
45	81	28
58	75	50
35	75	48
58	81	30
52	75	50
67	80	34
28	77	40
41	78	38
51	76	47
31	77	43
59	77	44
67	79	37
55	74	54
29	80	31
43	81	29
59	79	38
64	81	31
65	77	44
55	81	27
51	76	48
54	74	56
53	75	52
50	82	26
66	80	32
52	76	49
64	77	44
50	81	29
59	76	50
51	77	45
41	81	28
55	76	49
38	77	42
43	74	53
53	79	37
34	80	31
33	78	38
53	81	31
66	80	36
52	74	57
27	78	37
52	79	36
43	80	35
43	74	55
46	75	52
53	80	34
30	79	33
60	79	39
37	79	38
58	77	47
40	77	44
41	75	51
33	77	43
40	76	49
53	79	39
57	77	47
44	76	49
65	81	31
45	80	35
46	82	27
42	75	52
53	75	53
68	79	40
43	78	40
36	78	41
52	78	42
60	77	47
59	76	49
31	80	32
44	78	42
61	76	50
45	82	28
31	78	40
35	79	37
66	80	37
31	77	45
39	76	49
57	81	30
51	75	52
51	82	27
68	81	33
50	78	43
40	75	52
32	80	33
55	82	29
44	74	56
42	82	27
61	80	39
31	79	36
53	83	28
54	76	50
60	81	35
36	77	46
63	79	42
45	76	51
59	78	45
37	76	49
61	80	37
31	79	39
61	77	49
38	76	50
39	81	29
44	78	44
34	80	35
51	80	37
42	79	39
50	82	28
39	77	48
33	77	44
62	79	43
63	79	40
60	79	42
53	81	33
53	83	26
59	80	37
42	81	33
63	80	39
27	79	38
44	80	37
66	81	34
43	77	46
64	82	33
43	76	52
44	82	31
38	79	40
52	75	55
52	78	46
42	81	35
36	80	36
43	80	38
39	76	51
54	79	41
35	76	48
32	80	37
39	81	32
64	81	34
58	79	44
53	76	53
58	77	51
32	78	42
33	80	35
60	77	51
46	76	54
56	78	48
52	80	39
65	81	36
29	79	39
61	82	33
37	81	32
58	80	42
31	78	43
46	76	52
40	78	45
61	80	41
52	77	51
39	78	43
43	76	53
52	82	31
40	82	29
55	77	49
51	76	54
59	78	48
36	82	32
52	81	34
33	79	41
58	80	38
63	82	32
67	81	37
34	80	40
52	83	29
42	77	50
64	79	44
43	81	36
52	78	48
58	79	46
57	79	46
38	80	37
33	80	39
52	79	45
30	81	32
46	83	29
55	78	47
39	80	40
43	78	48
53	81	36
67	82	36
43	83	29
38	80	39
40	79	44
45	83	30
36	79	42
59	83	31
44	81	38
44	76	55
43	80	40
34	82	32
57	83	32
60	78	50
54	84	28
39	78	46
43	82	33
31	79	41
58	82	36
30	81	36
60	79	46
37	79	43
53	83	33
36	80	40
62	82	36
52	78	50
43	80	42
59	81	40
29	80	40
43	84	27
61	82	35
33	79	43
32	81	37
40	78	48
52	81	38
55	79	46
46	77	52
55	83	31
63	80	43
50	84	27
46	81	38
45	78	49
51	80	44
64	83	32
59	80	45
59	83	34
59	81	42
32	82	34
55	78	50
54	84	30
51	84	29
44	77	52
60	83	32
42	84	29
31	82	33
43	79	46
42	82	35
34	82	35
66	83	35
41	78	49
32	79	45
53	80	42
45	83	33
55	79	49
32	80	40
34	81	38
45	80	43
46	77	54
29	82	34
37	83	32
51	78	52
41	79	46
37	80	42
62	81	42
45	81	39
31	82	37
33	83	33
54	79	48
64	83	34
64	83	36
40	79	47
53	85	27
40	84	31
44	80	46
45	78	50
54	78	52
61	83	34
58	84	31
61	81	41
58	82	37
52	78	53
57	80	45
51	84	31
32	82	37
38	80	44
52	80	48
57	83	35
42	81	41
39	81	42
52	82	40
66	83	37
44	82	38
52	83	35
34	83	32
30	83	33
36	82	36
39	81	40
62	83	37
39	83	32
51	82	39
42	79	50
40	80	44
57	81	42
31	80	43
33	81	41
60	81	42
63	81	45
53	83	34
57	84	34
59	82	39
52	79	49
45	84	29
51	80	46
64	82	42
62	81	43
39	83	35
35	81	43
39	79	48
53	83	37
54	80	47
43	85	27
39	82	38
36	83	34
57	81	47
42	82	39
37	83	35
35	81	41
62	85	33
59	81	46
45	83	37
44	83	36
37	83	37
44	79	51
45	78	52
54	80	51
54	85	30
57	83	37
44	85	29
53	79	51
31	81	42
65	83	38
34	82	40
52	85	32
53	85	29
43	84	34
44	81	45
53	81	43
60	85	31
33	82	39
51	86	29
64	85	32
30	83	34
56	84	33
45	80	48
56	85	31
62	84	36
44	79	49
41	81	47
53	82	41
53	81	48
53	83	39
58	82	41
43	83	37
32	83	35
45	80	49
42	81	46
51	84	36
62	85	34
64	84	39
37	85	32
35	82	39
51	82	44
59	84	38
59	82	42
64	85	33
40	85	32
42	80	49
36	81	44
60	85	32
34	83	35
60	86	31
34	85	33
51	81	48
38	84	34
43	82	42
45	85	31
43	86	29
60	85	34
58	86	31
63	82	43
39	84	36
56	82	44
56	84	36
39	85	32
32	83	40
39	82	44
53	81	50
38	82	44
44	82	43
51	87	28
52	85	33
40	80	49
59	86	33
44	86	30
55	85	34
60	84	41
40	84	34
56	82	47
51	84	40
39	83	41
39	82	43
55	86	31
58	82	47
36	84	37
64	85	35
52	85	37
57	84	40
41	82	44
45	85	37
63	85	36
44	85	33
42	84	39
52	85	35
52	83	44
46	86	33
39	84	40
52	82	49
63	86	33
51	86	32
44	82	44
34	84	40
44	82	46
42	84	40
42	86	31
55	82	46
54	84	43
40	85	38
53	82	46
36	86	33
53	85	38
46	87	28
60	85	37
44	82	49
52	88	27
58	86	37
43	85	38
51	85	36
51	82	47
61	84	43
56	87	32
43	85	35
56	85	38
55	86	33
59	85	38
42	82	48
44	86	31
54	87	30
44	84	42
52	88	29
38	86	34
51	83	45
43	82	47
42	83	45
57	84	42
53	85	40
63	87	34
57	83	47
41	85	35
36	86	34
54	86	34
52	83	48
45	82	49
44	87	29
40	87	32
55	86	36
61	87	34
39	83	46
42	87	33
51	85	41
57	83	48
40	86	33
56	86	37
45	87	33
51	87	35
44	88	30
45	84	44
53	84	45
42	86	35
35	87	33
52	86	38
56	84	45
44	84	46
57	87	36
52	87	33
51	88	31
38	85	41
54	86	38
54	88	32
53	85	42
39	84	45
44	86	37
42	85	43
60	87	37
53	86	37
40	84	43
43	85	41
52	84	47
43	83	49
43	87	32
40	85	40
44	87	34
39	87	34
42	86	39
57	86	40
53	86	39
40	84	45
41	85	42
45	84	46
38	85	40
44	85	43
53	84	46
54	85	46
57	85	43
55	88	31
44	84	47
42	88	31
41	87	36
56	85	47
54	88	35
45	88	31
56	87	37
51	87	36
44	84	49
53	88	34
56	88	33
56	87	40
53	89	32
42	87	38
40	85	41
55	85	44
40	87	38
53	89	31
52	86	43
42	85	45
55	87	42
40	88	33
43	88	34
44	87	36
42	88	35
53	87	38
58	87	42
57	85	45
46	89	32
57	88	37
41	86	40
43	86	42
38	86	42
44	85	45
53	87	42
45	85	47
52	88	38
45	87	39
54	87	40
53	89	35
52	86	46
45	89	34
51	90	32
52	87	41
57	88	41
43	87	40
54	86	46
43	87	39
41	87	42
54	89	36
53	86	45
44	88	38
44	89	35
51	90	35
42	89	37
53	88	40
51	90	33
44	89	36
52	90	35
43	89	36
